-1.0000000000000000199e+30 -1.0000000000000000199e+30 0 0 0 0 0 0 0 0 0 0 0 0 0 0 0 0 0 0 0 0 0 0 0 0 0 0 0 0 0 0 0 
1415.888646854132503 1402.0753375634978966 0.0037096919720508514731 0.0058556936512408766862 0.64069896810590887259 0.053229503570899117104 0.17214140161591579004 0.082392734874392414834 2.8129738279231548681 0.32075275274707959472 0.71500821190960528462 0.69902082842390511619 0.79478109249744455234 0.0018198117850305275175 0.029382545055962348834 0.0016144834826699492551 -0.16530336464185449441 0.77321360258684934674 0.64529752015338159854 0.634473237473942131 0.0023132809110172750967 0.00030058674100780550208 2.7322744894696811002 0.96095386974056695717 -0.099830852137285236436 1.4366966227189399419 -1.9608999993650300109 -0.1976982259741499881 0.85695528476100801818 -0.82222508076509315256 -0.198079071733933465 0.3422307756041118032 0.5 
-1.0000000000000000199e+30 -1.0000000000000000199e+30 0 0 0 0 0 0 0 0 0 0 0 0 0 0 0 0 0 0 0 0 0 0 0 0 0 0 0 0 0 0 0 
-1.0000000000000000199e+30 -1.0000000000000000199e+30 0 0 0 0 0 0 0 0 0 0 0 0 0 0 0 0 0 0 0 0 0 0 0 0 0 0 0 0 0 0 0 
-1.0000000000000000199e+30 -1.0000000000000000199e+30 0 0 0 0 0 0 0 0 0 0 0 0 0 0 0 0 0 0 0 0 0 0 0 0 0 0 0 0 0 0 0 
-1.0000000000000000199e+30 -1.0000000000000000199e+30 0 0 0 0 0 0 0 0 0 0 0 0 0 0 0 0 0 0 0 0 0 0 0 0 0 0 0 0 0 0 0 
-1.0000000000000000199e+30 -1.0000000000000000199e+30 0 0 0 0 0 0 0 0 0 0 0 0 0 0 0 0 0 0 0 0 0 0 0 0 0 0 0 0 0 0 0 
-1.0000000000000000199e+30 -1.0000000000000000199e+30 0 0 0 0 0 0 0 0 0 0 0 0 0 0 0 0 0 0 0 0 0 0 0 0 0 0 0 0 0 0 0 
-1.0000000000000000199e+30 -1.0000000000000000199e+30 0 0 0 0 0 0 0 0 0 0 0 0 0 0 0 0 0 0 0 0 0 0 0 0 0 0 0 0 0 0 0 
1399.5870872365499054 1396.1990974776260828 0.00531280068747701055 0.0081708155175084767191 0.90377376733180647683 0.13814420641762173436 0.89574468158298881093 0.20432540527522591312 3.5563469047858853322 0.13979879782034704272 0.99871999584322135313 0.95064792898465566573 0.8554589791154407763 0.001295317688637181823 0.0022771267758507482068 0.0013949731094725942738 0.21953485462518027016 0.33702339090893784768 2.5396154006572660623e-05 0.60958804289919199526 7.8739736722547204635e-05 0.87772995696127587006 6.0283117362964251384 0.96095386974056695717 -0.099829450339684683291 1.4366966227189399419 -1.9608999993650300109 -0.1976982259741499881 0.00033986750536977721219 -0.04734821117723248679 -0.0084186557525730721513 0.34223077193767881266 0.5 
-1.0000000000000000199e+30 -1.0000000000000000199e+30 0 0 0 0 0 0 0 0 0 0 0 0 0 0 0 0 0 0 0 0 0 0 0 0 0 0 0 0 0 0 0 
-2419.1587939947248742 -2426.9147616730624577 0.0051361920538663561817 0.0081378198538163710324 0.78498626801651560925 0.51397737075104099613 0.88999057920124158283 0.077008672682728068759 3.6480113719557745178 0.27466449450385271858 0.99735889779667175059 0.93702780333171986626 0.84596769215987355217 0.00053949501804676273063 0.0017294634020727298052 0.0013712119628054514689 -0.55301338245648679059 0.00021118143380560299447 0.15192666669133186863 0.82017143936371039725 0.00017921767234412719285 0.13923485773772659169 4.3371180562640638811 0.96095386974056695717 -0.099829450339684683291 1.4366966227189399419 -1.9608999993650300109 -0.1976982259741499881 -0.64615018558411940752 0.43676120386684519348 0.034721172896868532365 0.34223077193767881266 0.5 
-1.0000000000000000199e+30 -1.0000000000000000199e+30 0 0 0 0 0 0 0 0 0 0 0 0 0 0 0 0 0 0 0 0 0 0 0 0 0 0 0 0 0 0 0 
1389.8089383762080615 1377.2166666866319247 0.0037147644555961113581 0.0072765176110054950384 0.70032427716042511268 0.1944427480687277443 0.094906577122774657407 0.009866438338941317665 2.0175383843539744788 0.35383142048157983917 0.00040670318371963749739 0.92455492308185394101 0.87325545674606808166 0.0013458858669350795036 0.003918727203901856658 0.0011173152816841027107 0.48566835495345966889 0.82600934430465189351 0.97877246959054819975 0.84727437353912116169 0.0021177305023842006061 0.00012135666493828589163 2.0282573054339394503 0.96095386974056695717 -0.09981173243677227136 1.4366966227189399419 -1.9608999993650300109 -0.1976982259741499881 -1.2147218041192564542 0.50513800737380076811 0.5336998702260042915 0.34222823906150923179 0.5 
-1.0000000000000000199e+30 -1.0000000000000000199e+30 0 0 0 0 0 0 0 0 0 0 0 0 0 0 0 0 0 0 0 0 0 0 0 0 0 0 0 0 0 0 0 
1302.6086164257978908 1320.492322599346835 0.0048639690900759988482 0.0073709781916526566706 0.93425654495497478802 0.97069930703011386708 0.71915810649732536675 0.63505807067158392965 3.8184209931358159551 0.14627915778219857668 0.99226259282520934413 0.96888011220198411166 0.76897099597470153221 0.0037779469842696153728 0.001187516231695472926 0.001930356322607592592 0.82353518950606019455 0.68956679015055488691 0.70893064923484438999 0.91553191104081754759 2.7604457409370772858 8.8393059559166428716e-06 1.4607444504163360488 0.96095386974056695717 -0.099811812750541573092 1.4366966227189399419 -1.9608999993650300109 -0.1976982259741499881 1.4279229190491038448 0.22673255461746602557 0.62161123694151343422 0.34222946455738567639 0.5 
-1.0000000000000000199e+30 -1.0000000000000000199e+30 0 0 0 0 0 0 0 0 0 0 0 0 0 0 0 0 0 0 0 0 0 0 0 0 0 0 0 0 0 0 0 
1383.1692543627495979 1377.9045365206313818 0.0042028598079026620662 0.0060445257295183201299 0.83952601797778092507 0.22441996917035941794 0.72231228433210192819 0.084638536388742399708 2.8487528376100059724 0.24339549297276708018 0.99494919732781483823 0.93567675727403687436 0.85632145966973560736 0.00055491541543441788662 0.0023426075675800433172 0.0011945717956522896707 1.1096771215753922224 0.18043688962132015119 0.97266729786172489991 0.49173450139356866817 0.0017720155727291243743 0.19204992105758234011 2.1491991980047799871 0.96095386974056695717 -0.099811812750541573092 1.4366966227189399419 -1.9608999993650300109 -0.1976982259741499881 -0.21656846046892708202 -0.40729869274790336808 0.10788833010865875317 0.34222946455738567639 0.5 
-1.0000000000000000199e+30 -1.0000000000000000199e+30 0 0 0 0 0 0 0 0 0 0 0 0 0 0 0 0 0 0 0 0 0 0 0 0 0 0 0 0 0 0 0 
-188564.2099354416714 -188577.98768098527216 0.0050194040674089645745 0.0088271602565118349043 0.97010452138990665993 0.74955724531578371561 0.78647591343999645463 0.16492161273366343077 2.8676036879327453377 0.22884254820332455838 0.99234665906361774201 0.91700879258788225989 0.75775415348309704822 0.00094710872452163734608 0.0016065242184298601531 0.0014854269553805324756 -0.34331719904974844493 0.64007085422053933144 0.22401326196268200874 0.64577349275350570679 0.00059850970515981313531 0.00039787755347788335628 2.4587936814641579986 0.96095386974056695717 -0.099811812750541573092 1.4366966227189399419 -1.9608999993650300109 -0.1976982259741499881 0.68306687315968184215 -0.98212406647359762335 -1.4229963331600579135 0.34222946455738567639 0.5 
-1.0000000000000000199e+30 -1.0000000000000000199e+30 0 0 0 0 0 0 0 0 0 0 0 0 0 0 0 0 0 0 0 0 0 0 0 0 0 0 0 0 0 0 0 
417.83573369975835021 433.95876243363284175 0.0049247722544080944213 0.0080889116894838873628 0.90407963728456208763 0.47307890485276293813 0.1428311303671903898 0.9846993674943815833 2.7257941289461560253 0.12396235438667009554 0.99729324456359447204 0.94647973481291736153 0.8227455013473230494 647.40947333234976213 0.0014898127776863348982 0.0013850461630819494406 0.86607610445555993639 0.97946027867489948715 0.99098258566671992842 0.58105230904139260062 0.0001385140204903922154 0.050687422643760450536 5.3482024774121876831 0.96095386974056695717 -0.21300909474929274889 1.4366966227189399419 -1.9608999993650300109 -0.1976982259741499881 0.028659805721948448942 -0.69815636071575348787 0.12761005804591568635 0.3370303014263542063 0.5 
-1.0000000000000000199e+30 -1.0000000000000000199e+30 0 0 0 0 0 0 0 0 0 0 0 0 0 0 0 0 0 0 0 0 0 0 0 0 0 0 0 0 0 0 0 
-11216005.509060589597 -11216019.080533709377 0.0042303207776177107619 0.0079963244136957243452 0.76205123175108568923 0.47041425859058311199 0.43897126688719184662 0.017381681931262455559 2.2732106635183182419 0.32980180603130621053 0.63910916972037401518 0.90082928601013034786 0.8124131627733531813 0.0006966581584176886454 0.0024308834478114463469 0.001196123303932765565 0.99942067642442034003 0.5658233442809432745 0.21787847811356186867 0.9860487794503569603 0.0045393776963464915752 0.0054701087577268478479 2.0618760192301124334 0.96095386974056695717 -0.21300909474929274889 1.4366966227189399419 -1.9608999993650300109 -0.1976982259741499881 0.0050450360937092028624 -0.53754720672822309258 1.7323048549527915174 0.3370303014263542063 0.5 
-1.0000000000000000199e+30 -1.0000000000000000199e+30 0 0 0 0 0 0 0 0 0 0 0 0 0 0 0 0 0 0 0 0 0 0 0 0 0 0 0 0 0 0 0 
-3879381.8695256900974 -3879383.6952923382632 0.0028536697255913167151 0.0048816730900822832145 0.72231576452031731606 0.0053644634317606687546 0.704749648692086339 0.25134243443608283997 2.6254237596411256206 0.26297122659161686897 0.76974837244488303334 0.76785650681704287202 0.50202090293169021606 0.004558975696563720599 0.00070043203886598352954 0.0074888042523525658739 0.71234052341381381979 0.53887374939613053026 0.99971640282067875116 0.51621314882669189217 0.22741227431600397058 0.00013451406984555348769 2.7822398900671179156 0.96095386974056695717 -0.21300909474929274889 1.4366966227189399419 -1.9608999993650300109 -0.1976982259741499881 -0.86331127298648391299 0.20428664591529532846 -0.56927098404303866364 0.3370303014263542063 0.5 
-1.0000000000000000199e+30 -1.0000000000000000199e+30 0 0 0 0 0 0 0 0 0 0 0 0 0 0 0 0 0 0 0 0 0 0 0 0 0 0 0 0 0 0 0 
1444.1542811775636892 1447.300563548328455 0.0061399385451882749001 0.010666570420044214906 0.90959682193989610521 0.08514504489656478381 0.95660796626554911448 0.63150132851078932816 3.3455618087401424177 0.03245367643350000747 0.99969387628915229449 0.93667286951298189823 0.87496054134663048263 0.0042097181292716770104 0.0017670590770347013952 0.0014001249809981921712 -0.11944424024438597687 0.5141243841294086403 0.77111872138268777732 0.57578230828306142808 1.6521689378307558016 0.00020518250504614204835 4.000543895461966315 0.96095386974056695717 0.013589647300064096672 1.4366966227189399419 -1.9608999993650300109 -0.1976982259741499881 0.018097094700351357838 0.10555915097080122156 0.0023685133574550300273 0.33806030625541011458 0.5 
-1.0000000000000000199e+30 -1.0000000000000000199e+30 0 0 0 0 0 0 0 0 0 0 0 0 0 0 0 0 0 0 0 0 0 0 0 0 0 0 0 0 0 0 0 
-1424063.4975487547927 -1424072.8243328821845 0.004291745636530027927 0.0065862297630532506618 0.85285783868312137201 0.60417924811910939109 0.83577290977612728184 0.061544623089066129162 3.1937194974297313799 0.4186131908574715621 0.89701133109185848813 0.90880512824499437574 0.81026995581602911933 0.00046995622766870674735 0.0022403925159998616667 0.0014544118791576634078 2.1244839702873763443 0.18614323902875185013 0.41481631947681307793 0.95607024524360895157 0.0071303760027512904165 0.0063353182026185091494 1.7258388515328988433 0.96095386974056695717 0.013589647300064096672 1.4366966227189399419 -1.9608999993650300109 -0.1976982259741499881 -0.77696048826689434463 1.1927033228368664197 -0.23673115392623231279 0.33806030625541011458 0.5 
-1.0000000000000000199e+30 -1.0000000000000000199e+30 0 0 0 0 0 0 0 0 0 0 0 0 0 0 0 0 0 0 0 0 0 0 0 0 0 0 0 0 0 0 0 
1493.1814307689037378 1481.7199173225367304 0.004640817796494957001 0.0081941727915444805691 0.74978690988977647613 0.097357766213101104569 0.013054875288280745269 0.01543693023568408311 2.596802747359755692 0.4041506294666425414 0.21453740651021108166 0.93510147660978115702 0.88124390689369280771 0.001595559726057150466 0.005838026634774356842 0.0011462087975547998863 0.012443652122091647047 1.6237025164651240378e-09 0.32414973815631914489 0.65799937408036368591 0.0017782875247331227618 0.031251269345236497299 5.4950238034244884844 0.96095386974056695717 0.01358967340905297902 1.4366966227189399419 -1.9608999993650300109 -0.1976982259741499881 1.8101552269910408111 0.14205893847080061643 0.32198466678246645545 0.33806030454135777008 0.5 
-1.0000000000000000199e+30 -1.0000000000000000199e+30 0 0 0 0 0 0 0 0 0 0 0 0 0 0 0 0 0 0 0 0 0 0 0 0 0 0 0 0 0 0 0 
-478353.35377772786887 -478353.73627017432591 0.0052445511847841637387 0.0086077042968311489463 0.94411683527833945018 0.065040365447377096464 0.66086444968079238738 0.16021003599958258401 3.4306282784872936809 0.3631461784629539391 0.99841411128259427432 0.84474348133394860927 0.89534926782466073281 0.00086242603643536016721 0.0071903909417826228703 0.0011979820021352635337 0.47190353304960519498 0.36850335774943232536 0.49433844187296926975 0.76313449139706790447 0.0030867465911433101047 0.0074654818046838043386 1.0570169910788536072 0.96095386974056695717 0.01358967340905297902 1.4366966227189399419 -1.9608999993650300109 -0.1976982259741499881 -0.38393733350519965164 1.0855364013976303017 0.71828549119134532663 0.33806030454135777008 0.5 
-1.0000000000000000199e+30 -1.0000000000000000199e+30 0 0 0 0 0 0 0 0 0 0 0 0 0 0 0 0 0 0 0 0 0 0 0 0 0 0 0 0 0 0 0 
1419.0194519898393537 1406.40051973825598 0.0043793771435621476826 0.0080559116493379278462 0.81376828569827464044 0.074499654871200443607 0.13107719087583863393 0.41006471860306675792 2.3016672103927966475 0.31232352400991597596 0.98970428439472390991 0.79741522342797110934 0.86031257490425050438 0.0032834445407651539559 0.010625015799228698654 0.0012658464521230021731 0.028050469294599505998 0.68128580144523431805 0.26536532959313058333 0.39400903963248973261 0.005471569056353806082 0.00010807481303776938846 3.7167153930752983015 0.96095386974056695717 0.013589688759219663641 1.4366966227189399419 -1.9608999993650300109 -0.1976982259741499881 2.1438098809884489349 -1.3521746617695609149 -0.35872487975229228052 0.33806030169542639063 0.5 
-1.0000000000000000199e+30 -1.0000000000000000199e+30 0 0 0 0 0 0 0 0 0 0 0 0 0 0 0 0 0 0 0 0 0 0 0 0 0 0 0 0 0 0 0 
1378.5347941784971226 1366.2331576355959442 0.0051168832264031037516 0.0088743569864157493404 0.89862076995662909518 0.10423063186867818908 0.51256189660110296202 0.31820638512351839822 2.9206142213138344133 0.25215239217819751527 0.98220461211658671719 0.80036360635736791824 0.85538249282840050913 0.0020425769572199560173 0.0063661108351879087605 0.0011828669619108498831 0.38788838464717151355 0.82950595213049160837 2.1709037209264886464e-05 0.76407519842859206172 0.0092226974036580117167 0.0012397145567910039781 2.6909497467589087449 0.96095386974056695717 0.013589127506509568119 1.4366966227189399419 -1.9608999993650300109 -0.1976982259741499881 0.51822504254263368484 -0.4169652671660994403 -0.029170961969214526804 0.33806029439114476665 0.5 
-1.0000000000000000199e+30 -1.0000000000000000199e+30 0 0 0 0 0 0 0 0 0 0 0 0 0 0 0 0 0 0 0 0 0 0 0 0 0 0 0 0 0 0 0 
1560.647706490802193 1552.8604309600000306 0.0056650627686053289106 0.0082971072531643694226 0.72149748433844040907 0.018030999078151976889 0.95838176561709043089 0.060494095019735974472 3.3512152900839358161 0.094749411900398122777 0.99904052398591813855 0.9102271084573645421 0.90937622246361871081 0.00046880118974688354252 0.0075910396563669659334 0.0012956492859709498912 -0.074795458358152697165 0.3890184440350359929 0.12948057166321544353 0.59395952478494118409 0.0031069314506226410402 0.00033181575074719971141 4.9019348972170897483 0.96095386974056695717 -0.0044240365345653469634 1.4366966227189399419 -1.9608999993650300109 -0.1976982259741499881 -0.0049194435264759703644 -0.0015327758480544520763 -0.0014789048401985598839 0.35207352934850744131 0.5 
-1.0000000000000000199e+30 -1.0000000000000000199e+30 0 0 0 0 0 0 0 0 0 0 0 0 0 0 0 0 0 0 0 0 0 0 0 0 0 0 0 0 0 0 0 
-1.0000000000000000199e+30 -1.0000000000000000199e+30 0 0 0 0 0 0 0 0 0 0 0 0 0 0 0 0 0 0 0 0 0 0 0 0 0 0 0 0 0 0 0 
-1.0000000000000000199e+30 -1.0000000000000000199e+30 0 0 0 0 0 0 0 0 0 0 0 0 0 0 0 0 0 0 0 0 0 0 0 0 0 0 0 0 0 0 0 
1472.7958889540248038 1469.6940832507286814 0.004972455222246392921 0.0059049300946625096764 0.65914559468964006861 0.0021362591285696373028 0.061957900107032753967 0.019049909649830682606 4.2365286888758397765 0.56158128693573983181 0.69777773189787217767 0.79665798390296360676 0.96269647394815927033 0.0019384200005972405164 0.41125588302437815491 0.0011319576229628309019 -0.052311794660123388245 0.066283638572147446366 0.13076025331288412823 0.30718529682977985251 0.0018622552390056433449 0.00017795695548963947805 4.7599379707695765873 0.96095386974056695717 0.0016080067675701406257 1.4366966227189399419 -1.9608999993650300109 -0.1976982259741499881 0.84788491481075867195 0.28626289895318546286 0.0041469545006312868649 0.35132497009157143131 0.5 
-1.0000000000000000199e+30 -1.0000000000000000199e+30 0 0 0 0 0 0 0 0 0 0 0 0 0 0 0 0 0 0 0 0 0 0 0 0 0 0 0 0 0 0 0 
-1.0000000000000000199e+30 -1.0000000000000000199e+30 0 0 0 0 0 0 0 0 0 0 0 0 0 0 0 0 0 0 0 0 0 0 0 0 0 0 0 0 0 0 0 
-1.0000000000000000199e+30 -1.0000000000000000199e+30 0 0 0 0 0 0 0 0 0 0 0 0 0 0 0 0 0 0 0 0 0 0 0 0 0 0 0 0 0 0 0 
-40185.61421646810777 -40191.061242139228852 0.0049197618242609103198 0.0067635455478816256317 0.8789821925528433777 0.20254059809234151168 0.77198832635836511784 0.086989086188189831961 3.7745511476849156196 0.27477441502957128394 0.99310078791737144144 0.98243824534956414318 0.8801049174025298294 0.0005463515378257107662 0.0021061192667064130776 0.0012886005159229120196 -0.7562419652621381605 0.12275804998353123665 0.69948227959685027599 0.61629088851623237133 0.0028367806714959444697 0.009568344899453223168 2.3743346970295533538 0.96095386974056695717 0.0016080067675701406257 1.4366966227189399419 -1.9608999993650300109 -0.1976982259741499881 0.18688014197783511805 -0.79676172435329817301 0.88690145614044246791 0.35132497009157143131 0.5 
-1.0000000000000000199e+30 -1.0000000000000000199e+30 0 0 0 0 0 0 0 0 0 0 0 0 0 0 0 0 0 0 0 0 0 0 0 0 0 0 0 0 0 0 0 
-1.0000000000000000199e+30 -1.0000000000000000199e+30 0 0 0 0 0 0 0 0 0 0 0 0 0 0 0 0 0 0 0 0 0 0 0 0 0 0 0 0 0 0 0 
