-1.0000000000000000199e+30 -1.0000000000000000199e+30 0 0 0 0 0 0 0 0 0 0 0 0 0 0 0 0 0 0 0 0 0 0 0 0 0 0 0 0 0 0 0 
591.80769976682756806 587.83918144954213858 0.004639734071824440885 0.009500754011226703738 0.95387687555361844183 0.10086582540149803544 0.72365862227656485572 0.66008802822136658506 2.862866399252472327 0.15349350884769963344 0.99954183484385927816 0.88419412686086007458 0.81617359644058973256 0.0072911499887148871132 0.0055823410791720276536 0.0014870161212573839837 -1.0798741699812806072 0.00384624701417431809 0.056674955664005002842 0.66193748411264674569 0.11986667892476550457 0.00023354018272545343758 4.2963366021506343984 0.96095386974056695717 -0.099822899835164305427 1.4366966227189399419 -1.9608999993650300109 -0.1976982259741499881 0.11650674680831640817 -0.14561313963861904908 -0.0098740255423981817401 0.34223560636925159928 0.5 
-1.0000000000000000199e+30 -1.0000000000000000199e+30 0 0 0 0 0 0 0 0 0 0 0 0 0 0 0 0 0 0 0 0 0 0 0 0 0 0 0 0 0 0 0 
1533.6276035801606668 1526.1768335910915084 0.005029276122068334666 0.0069129013664864912697 0.71891391768379975247 0.22813412031989457884 0.92950274362898144265 0.060451171816328627684 3.7156101478227143708 0.19285202487844577135 0.98799895303054341422 0.91232011913381771961 0.89581486593380221795 0.00049071361881423611589 0.0027558232839908344478 0.0012873878136119858064 -0.54142878047285991627 0.88102963809829570874 0.99861696658628251733 0.59549008376483947291 0.00059911024197374098624 0.0002024656830504467772 4.1119072599794552758 0.96095386974056695717 0.014701309936705358322 1.4366966227189399419 -1.9608999993650300109 -0.1976982259741499881 0.048746640218507907016 -0.0010162901452683474699 -0.017967042261430900274 0.34048759565719094455 0.5 
-1.0000000000000000199e+30 -1.0000000000000000199e+30 0 0 0 0 0 0 0 0 0 0 0 0 0 0 0 0 0 0 0 0 0 0 0 0 0 0 0 0 0 0 0 
1392.9068012953764537 1389.0481396033628698 0.0050676832351649932912 0.0077096725052967756547 0.87107057013960653702 0.21384801582966497802 0.78796551661032621094 0.29301908896681588823 3.2565421512410197558 0.092221923888184287321 0.99867543375381595538 0.94490364879755062155 0.8399308826696888497 0.0019850051501859237828 0.0018096049848675042036 0.0013824619513890703659 0.14625021797518319988 0.55561368283513967725 0.15377824134424997182 0.62900120588353203299 0.311806962104783425 0.0056625129402463154557 3.092907799784531786 0.96095386974056695717 0.01475389158399028483 1.4366966227189399419 -1.9608999993650300109 -0.1976982259741499881 0.99496039567564786843 0.76090179194855378508 -0.14486928545504049182 0.34073406388502042175 0.5 
-1.0000000000000000199e+30 -1.0000000000000000199e+30 0 0 0 0 0 0 0 0 0 0 0 0 0 0 0 0 0 0 0 0 0 0 0 0 0 0 0 0 0 0 0 
-1.0000000000000000199e+30 -1.0000000000000000199e+30 0 0 0 0 0 0 0 0 0 0 0 0 0 0 0 0 0 0 0 0 0 0 0 0 0 0 0 0 0 0 0 
-1.0000000000000000199e+30 -1.0000000000000000199e+30 0 0 0 0 0 0 0 0 0 0 0 0 0 0 0 0 0 0 0 0 0 0 0 0 0 0 0 0 0 0 0 
-11689.053930367996145 -11684.6432160178083 0.0067607138779973863923 0.0022435672684293747788 0.38150858550687605231 0.068156123033659241073 0.82409084816221889191 0.000869257337436284876 2.7484618328933221321 0.77206935963769263154 0.64676363249547308421 0.64595367902139388949 0.96588615417085421644 0.00044965974347052287 0.030009282423756115238 0.0011627611683212566752 0.27247973207641834614 0.92912616999819874763 0.55625607306137681007 0.81355825532227754593 0.0039983487850986420067 0.0066613221657462421549 1.1794376642210409045 0.96095386974056695717 0.01475389158399028483 1.4366966227189399419 -1.9608999993650300109 -0.1976982259741499881 -0.34435492613196388989 0.73906826715226547897 0.39673426973046849175 0.34073406388502042175 0.5 
-1.0000000000000000199e+30 -1.0000000000000000199e+30 0 0 0 0 0 0 0 0 0 0 0 0 0 0 0 0 0 0 0 0 0 0 0 0 0 0 0 0 0 0 0 
-807691.24002754944377 -807694.8222610555822 0.0057976013501737765771 0.010447531643026862144 0.78493125048098100205 0.027832828413231779086 0.85422687282774967255 0.050102398773658483877 2.6480301464351327922 0.25326171796432200845 0.99965031612549293261 0.83460906866312123409 0.87166288155964077866 0.00029640388245503459727 0.018548264225747915224 0.0011493754843417119255 -1.1393266124340810652 0.67277338412477361018 0.71083108054803489928 0.55078085410054566928 0.00096666211029514668204 0.002685808888636529411 2.0978972402945172959 0.96095386974056695717 0.01475389158399028483 1.4366966227189399419 -1.9608999993650300109 -0.1976982259741499881 0.71875363035263339917 -1.3859584297694931276 -0.16342476937855390795 0.34073406388502042175 0.5 
-1.0000000000000000199e+30 -1.0000000000000000199e+30 0 0 0 0 0 0 0 0 0 0 0 0 0 0 0 0 0 0 0 0 0 0 0 0 0 0 0 0 0 0 0 
-166212.04276672369451 -166220.61154716531746 0.0052614338868597395477 0.0085084516633323580004 0.93840939718130456093 0.15714174419928977899 0.93528514911846460933 0.1775106768157325432 2.814547450801195172 0.044124339237759081789 0.99684873077903279892 0.94012373347771027721 0.86055137010046456325 0.0010176489649138329829 0.0017957296846287779633 0.001351987224712316053 -0.90458344284128366919 0.46922261174768209457 0.12301023700274527073 0.27445627329871058464 0.0026150151784531771963 0.0051917288010008633484 2.2020005295053124428 0.96095386974056695717 0.01475389158399028483 1.4366966227189399419 -1.9608999993650300109 -0.1976982259741499881 -0.045689472997266437904 0.043570406898428351572 0.14188551282106506846 0.34073406388502042175 0.5 
-1.0000000000000000199e+30 -1.0000000000000000199e+30 0 0 0 0 0 0 0 0 0 0 0 0 0 0 0 0 0 0 0 0 0 0 0 0 0 0 0 0 0 0 0 
-30465.686639820272831 -30473.344754099751299 0.0048305270844492083013 0.0085155577318698875977 0.25497617887835455353 0.93355902631909448708 0.58637358922194171562 0.74959471479189077048 2.483018019821224609 0.13220190565108122516 0.87068258569097267685 0.84590723034241255274 0.52364721084506149484 0.0050705724849210466465 0.0026796499341750919763 0.0022479736745377779626 0.9536610759095549561 0.54615439008921384811 0.68783735274337232113 0.75802127225324511528 0.0060970040084794164398 0.0095957184792496257042 1.3773232222301885486 0.96095386974056695717 0.01475389158399028483 1.4366966227189399419 -1.9608999993650300109 -0.1976982259741499881 0.22348928088553154936 -0.56186364173303915415 -0.73794265305930761834 0.34073406388502042175 0.5 
-1.0000000000000000199e+30 -1.0000000000000000199e+30 0 0 0 0 0 0 0 0 0 0 0 0 0 0 0 0 0 0 0 0 0 0 0 0 0 0 0 0 0 0 0 
1375.6154000994167745 1381.2781650669867304 0.0053179743151423354564 0.0079042467177702809 0.7903664585033526313 0.060804454844244786027 0.84384353974206915971 0.16260688531146844094 3.3160293901804500649 0.096342710909988596435 0.99851017454269908047 0.94117661061365176511 0.88953461660742771944 0.0011677392636814925425 0.0026943152324450810563 0.0012940927182895096276 -0.97249479124919768758 0.41422762489391268259 0.12888210069371869304 0.6067418487430941143 0.54580593441032454471 0.032123180733427389444 3.0515568214493717925 0.96095386974056695717 0.022159783431772068357 1.4366966227189399419 -1.9608999993650300109 -0.1976982259741499881 -1.102352214781408879 -0.78274379104420799269 -0.038785184175919640293 0.3491253896533693668 0.5 
-1.0000000000000000199e+30 -1.0000000000000000199e+30 0 0 0 0 0 0 0 0 0 0 0 0 0 0 0 0 0 0 0 0 0 0 0 0 0 0 0 0 0 0 0 
-1.0000000000000000199e+30 -1.0000000000000000199e+30 0 0 0 0 0 0 0 0 0 0 0 0 0 0 0 0 0 0 0 0 0 0 0 0 0 0 0 0 0 0 0 
-1.0000000000000000199e+30 -1.0000000000000000199e+30 0 0 0 0 0 0 0 0 0 0 0 0 0 0 0 0 0 0 0 0 0 0 0 0 0 0 0 0 0 0 0 
1313.845209579492348 1319.7330991018716304 0.0055909121424512599544 0.0097469921818917754086 0.94292705364398166079 0.12711766035294486121 0.90491747795748467276 0.18543348638043791188 2.6895857496159241151 0.089618633998685734432 0.99804368806054488683 0.91385867793061081876 0.83651966398300692251 0.0011751707802773966351 0.0025341689350571140402 0.0012854914868807459406 0.69014441339192755809 0.92073878956294952225 0.60121983057192585065 0.92293177536784498649 15.657779076150040609 9.8823932930827140266e-05 1.3922829383121853031 0.96095386974056695717 0.022159677476645728983 1.4366966227189399419 -1.9608999993650300109 -0.1976982259741499881 -0.66932869007184259136 0.21090017439998351434 0.37568226998333842381 0.34912572627552479476 0.5 
-1.0000000000000000199e+30 -1.0000000000000000199e+30 0 0 0 0 0 0 0 0 0 0 0 0 0 0 0 0 0 0 0 0 0 0 0 0 0 0 0 0 0 0 0 
1477.1016232407394 1464.0414841005244853 0.0042593574707445154906 0.0085003704184425758761 0.85051092605897216092 0.14282028253583409216 0.68607076385451870593 0.070974020349361427451 2.0096937936157011073 0.20887988035818677579 0.99623373951360172374 0.88762083659602641905 0.81747845211817193878 0.00043917947012761147322 0.0031949303676946172806 0.0011530701430340004054 -0.17928712950642214374 0.82806868065950323121 0.65250610763677407977 0.49311488263610048222 0.018038430713490039015 0.00062406513056201609602 5.1457678386076972643 0.96095386974056695717 0.022159677476645728983 1.4366966227189399419 -1.9608999993650300109 -0.1976982259741499881 -0.09917409442385217988 0.033892906202699447926 0.014535678469592756834 0.34912572627552479476 0.5 
-1.0000000000000000199e+30 -1.0000000000000000199e+30 0 0 0 0 0 0 0 0 0 0 0 0 0 0 0 0 0 0 0 0 0 0 0 0 0 0 0 0 0 0 0 
-7728.7249521004578128 -7741.5246602578172315 0.0029224629202303179648 0.0073218151741561493182 0.42052248098686023647 0.6259348525698731347 0.65823359018898697226 0.00065389585181805721156 2.5275128398685984266 0.4291426807101149099 0.71782962015515761056 0.3673315536716448837 0.74077653147102617837 0.00031180205512464391135 0.02541817565735662518 0.002262990418497410651 0.46051361188053102635 0.049613007577136158943 0.50770075968466699123 0.22644830401986837387 0.0098063646303489810513 0.0025333064794540406314 2.4066919854376465082 0.96095386974056695717 0.022159677476645728983 1.4366966227189399419 -1.9608999993650300109 -0.1976982259741499881 -0.29710871736659910658 0.39949873526268131485 -0.79558574855257224723 0.34912572627552479476 0.5 
-1.0000000000000000199e+30 -1.0000000000000000199e+30 0 0 0 0 0 0 0 0 0 0 0 0 0 0 0 0 0 0 0 0 0 0 0 0 0 0 0 0 0 0 0 
1350.9183097208781419 1347.4734049271910408 0.0045678065847237787206 0.0080616629804224175515 0.78021416119490982766 0.11009330757060351025 0.68098132429690727552 0.050969634790983112116 2.6635426959733448093 0.28459721103798729658 0.99504045796643081356 0.94184167447464217648 0.83377562036572161475 0.00036371500908345737136 0.003626249358950018372 0.0012069557237441460012 0.02647207636533900274 0.59235643689963646263 0.63695498282963680658 0.7326723959973175937 0.29407875395628074733 0.00011161191845253438958 1.3016450378073110006 0.96095386974056695717 0.022159677476645728983 1.4366966227189399419 -1.9608999993650300109 -0.1976982259741499881 -1.3917337990342946163 0.30604530698841325709 0.5941356459498904341 0.34912572627552479476 0.5 
-1.0000000000000000199e+30 -1.0000000000000000199e+30 0 0 0 0 0 0 0 0 0 0 0 0 0 0 0 0 0 0 0 0 0 0 0 0 0 0 0 0 0 0 0 
1325.0895027888018376 1315.639601968625584 0.0033760263707488876068 0.012909371199352051574 0.62932883683117957219 0.58432368267598699951 0.9320736001544647209 0.039354107643181701626 3.8252031461773459142 0.45364709450857665374 0.86477350661438368018 0.78241807790508777209 0.8824430634591414746 0.00044693480428921179663 0.0041510821771019957779 0.0020506368288219717702 -0.040903175657269578991 0.18346113389128199112 0.35695501522968492436 0.75475282490913719879 7.7337615410536842981e-05 0.01851420698392609171 3.3729268833239647307 0.96095386974056695717 0.022159856432070763194 1.4366966227189399419 -1.9608999993650300109 -0.1976982259741499881 0.095076363769916349966 -1.8930921115949903566 0.96881078914417828596 0.34912569063928960977 0.5 
-1.0000000000000000199e+30 -1.0000000000000000199e+30 0 0 0 0 0 0 0 0 0 0 0 0 0 0 0 0 0 0 0 0 0 0 0 0 0 0 0 0 0 0 0 
1305.6721891025438254 1303.4714810669534018 0.0044986134338268202182 0.008720549438335509565 0.80558896611183472558 0.27666853426955695383 0.49258374905708396385 0.064474109358027456573 2.3554929482890472059 0.29657352937691383588 0.90159203701765378014 0.91461272407254023964 0.83178570106418769914 0.00063041844571956270633 0.0031099491661908066492 0.0018676658669849396932 0.41183407736943850042 0.8065875504487330927 0.51570566567119502377 0.6938267069052597158 8.7782745249569420383e-05 1.0031585827840072689 2.2326214109576190125 0.96095386974056695717 0.022160294674562153183 1.4366966227189399419 -1.9608999993650300109 -0.1976982259741499881 -0.40218365673290118467 -1.7512786559086641613 -2.3824440130628667944 0.34912839907538606443 0.5 
-1.0000000000000000199e+30 -1.0000000000000000199e+30 0 0 0 0 0 0 0 0 0 0 0 0 0 0 0 0 0 0 0 0 0 0 0 0 0 0 0 0 0 0 0 
-1.0000000000000000199e+30 -1.0000000000000000199e+30 0 0 0 0 0 0 0 0 0 0 0 0 0 0 0 0 0 0 0 0 0 0 0 0 0 0 0 0 0 0 0 
-1.0000000000000000199e+30 -1.0000000000000000199e+30 0 0 0 0 0 0 0 0 0 0 0 0 0 0 0 0 0 0 0 0 0 0 0 0 0 0 0 0 0 0 0 
1476.3506844086732599 1469.454034786956754 0.0070685299695320757615 0.014871294913651297159 0.0083976426481603676927 0.929440982315265396 0.97895696172191359885 0.01130890473761120979 2.8417375081752838106 0.20294331780955957023 0.85827379208000731392 0.41278005607951129274 0.85820833733427726031 0.0003171028297482368489 0.0062631706527402110363 0.0012303281985178097634 0.024430482816558109216 0.71786426621363319533 0.070958245893352478451 0.60432292832273815097 0.043601355215400372511 3.4122081291351935215e-05 4.2530244142715440958 0.96095386974056695717 0.022160294674562153183 1.4366966227189399419 -1.9608999993650300109 -0.1976982259741499881 0.15469978722095031887 0.04022410773874168094 -0.041366054206527634596 0.34912839907538606443 0.5 
-1.0000000000000000199e+30 -1.0000000000000000199e+30 0 0 0 0 0 0 0 0 0 0 0 0 0 0 0 0 0 0 0 0 0 0 0 0 0 0 0 0 0 0 0 
-47605.92868865764467 -47600.018539004675404 0.0049823255896318989835 0.0076306589877422207127 0.91984853243419928415 0.12996918307244589852 0.93397828323825693442 0.1056914230757714096 3.2535381334558630684 0.24184079133768138226 0.99733422099156343599 0.91997634302028308273 0.87174342663466830583 0.0005673396273914690013 0.002989218344565845991 0.0012360954124781234776 -1.6921544364223266577 0.85257019824348390102 0.72308088513091206551 0.9407208289485424757 0.0058654943294823170402 0.0059935934329405429755 1.1129565049195662141 0.96095386974056695717 0.022160294674562153183 1.4366966227189399419 -1.9608999993650300109 -0.1976982259741499881 0.19127106535899721096 -0.69861956886953568979 0.33051719325469264277 0.34912839907538606443 0.5 
-1.0000000000000000199e+30 -1.0000000000000000199e+30 0 0 0 0 0 0 0 0 0 0 0 0 0 0 0 0 0 0 0 0 0 0 0 0 0 0 0 0 0 0 0 
1173.9422545545799039 1166.4659260826681475 0.0056435641050466018448 0.013092065013272896623 0.4817718570774718323 0.42678878200191094905 0.98596703531984886126 0.0062574798488697503523 1.8548477740832918226 0.48787770394832213894 0.75028003505206641854 0.69773761044220983241 0.91877807485092344297 0.00038892222163969139646 0.0047083136354053520267 0.0010962724761469833015 -0.41152221454444093407 0.77508572026373623309 0.62358403911151505383 0.8392674540700620911 0.024115436254318757536 0.00011351413974714211934 1.3417202469042097679 0.96095386974056695717 0.022160294674562153183 1.4366966227189399419 -1.9608999993650300109 -0.1976982259741499881 -0.61301445979696544963 0.17504325898257713789 0.045984247748298880121 0.34912839907538606443 0.5 
-1.0000000000000000199e+30 -1.0000000000000000199e+30 0 0 0 0 0 0 0 0 0 0 0 0 0 0 0 0 0 0 0 0 0 0 0 0 0 0 0 0 0 0 0 
1518.0864447003634723 1511.5073418392032636 0.0031570321743952991372 0.005122537825660012506 0.79334280896669906458 0.011547666594452270228 0.2494292004516766581 0.32458559312724438728 2.0844416002212184935 0.26362243694533366023 0.99940982857341120749 0.30638984519690753983 0.8898094404126106749 0.0027196650014295834646 0.14076367134269524017 0.001123182472425540224 0.024848353765745082034 0.2126169448128884254 0.17121136326751926204 0.60835713476956354562 0.020811507262595098366 0.0001012518251558208927 4.5530104635140871139 0.96095386974056695717 0.029174647911595422145 1.4366966227189399419 -1.9608999993650300109 -0.1976982259741499881 0.0038621442092822595715 0.018210859853968919264 -0.00028899606674411644144 0.34729739114849417225 0.5 
-1.0000000000000000199e+30 -1.0000000000000000199e+30 0 0 0 0 0 0 0 0 0 0 0 0 0 0 0 0 0 0 0 0 0 0 0 0 0 0 0 0 0 0 0 
1203.2335745653383583 1206.0113815703609816 0.0053046702604480286403 0.013756385391456226255 0.30848726361973105581 0.88010680841134958374 0.97500571067047514529 0.023421866222245794203 3.3098875141168848657 0.45674390546217780162 0.81221446720089196525 0.66838218935239390728 0.78312700300035742451 0.00037160286661152533601 0.0044117924268834065454 0.0069194673302696001888 -1.0073304033038976701 0.90438761087110608461 0.13410603588850522616 0.29289259140521967106 0.75679749452447053759 4.7761199530214073171e-05 1.3907075133178592452 0.96095386974056695717 0.029176839974703324548 1.4366966227189399419 -1.9608999993650300109 -0.1976982259741499881 1.0913024447683896678 -0.77203007696067316168 -1.3194122622248867227 0.34730461212566410278 0.5 
-1.0000000000000000199e+30 -1.0000000000000000199e+30 0 0 0 0 0 0 0 0 0 0 0 0 0 0 0 0 0 0 0 0 0 0 0 0 0 0 0 0 0 0 0 
-24522.86415050112555 -24529.561706094136753 0.004544147219402158884 0.007958566807980904656 0.87750782427721496504 0.1796081190545120998 0.91419517891905632823 0.10006268918525836054 2.3873150530088076415 0.15168414063445737061 0.99931205585356763788 0.93027653102971064047 0.82304505230833990836 0.00059249761679863472558 0.0020109282363535378041 0.0012664195098037048584 0.0057846568821732641252 0.00017180966677230976366 0.21297843288564230479 0.65267250535852794346 0.013760258819488040832 0.069622012489776147204 3.8915134117952376869 0.96095386974056695717 0.029176839974703324548 1.4366966227189399419 -1.9608999993650300109 -0.1976982259741499881 -0.012616018311437958432 0.0061476322222306731963 -0.0042407982264365548866 0.34730461212566410278 0.5 
-1.0000000000000000199e+30 -1.0000000000000000199e+30 0 0 0 0 0 0 0 0 0 0 0 0 0 0 0 0 0 0 0 0 0 0 0 0 0 0 0 0 0 0 0 
-1.0000000000000000199e+30 -1.0000000000000000199e+30 0 0 0 0 0 0 0 0 0 0 0 0 0 0 0 0 0 0 0 0 0 0 0 0 0 0 0 0 0 0 0 
-1.0000000000000000199e+30 -1.0000000000000000199e+30 0 0 0 0 0 0 0 0 0 0 0 0 0 0 0 0 0 0 0 0 0 0 0 0 0 0 0 0 0 0 0 
-1.0000000000000000199e+30 -1.0000000000000000199e+30 0 0 0 0 0 0 0 0 0 0 0 0 0 0 0 0 0 0 0 0 0 0 0 0 0 0 0 0 0 0 0 
