-1.0000000000000000199e+30 -1.0000000000000000199e+30 0 0 0 0 0 0 0 0 0 0 0 0 0 0 0 0 0 0 0 0 0 0 0 0 0 0 0 0 0 0 0 
-1.0000000000000000199e+30 -1.0000000000000000199e+30 0 0 0 0 0 0 0 0 0 0 0 0 0 0 0 0 0 0 0 0 0 0 0 0 0 0 0 0 0 0 0 
-1.0000000000000000199e+30 -1.0000000000000000199e+30 0 0 0 0 0 0 0 0 0 0 0 0 0 0 0 0 0 0 0 0 0 0 0 0 0 0 0 0 0 0 0 
1471.3041732391861842 1465.4245444123307607 0.0053244399332217891632 0.0078613740022368070598 0.71858224809417270418 0.27931679104573003958 0.8764743090636596401 0.051775647968419026557 3.8872888771876845659 0.22756712535134818176 0.97368315495269375237 0.91210467625483293563 0.89534081620171235283 0.00044527945613553963477 0.0028948525813998243934 0.0012907626758632728854 1.2318748760625004568 0.9286883039169037124 0.99980715984175294597 0.60436432875294043843 0.00047426988751923598257 0.00016282261962940450164 4.0258837652338366198 0.96095386974056695717 -0.094245534033254016459 1.4366966227189399419 -1.9608999993650300109 -0.1976982259741499881 2.9196296852482870321 0.75062631006770785813 -0.2828032437600496718 0.34047064336318277888 0.5 
-1.0000000000000000199e+30 -1.0000000000000000199e+30 0 0 0 0 0 0 0 0 0 0 0 0 0 0 0 0 0 0 0 0 0 0 0 0 0 0 0 0 0 0 0 
-131689.64294389964198 -131692.19718121012556 0.0007695211837001885314 0.0041527950624894692522 0.40814432208260298385 0.92076837826912927287 0.94872557292963410891 0.0024267286491305188265 1.9331695005143001431 0.66489040385655540089 0.75680504586218899643 0.77260649704608663768 0.79492395253144809697 0.00039422344899344254673 0.0037028087066159989273 0.0014459029805258954982 -1.0380714178977479278 0.39940481982193887234 0.5969235873781144619 0.5188070894218981266 0.0062094194558449085711 0.0080927978642284861821 1.8583042263053357601 0.96095386974056695717 -0.094245534033254016459 1.4366966227189399419 -1.9608999993650300109 -0.1976982259741499881 1.5037437955548587087 -0.89489971663631517895 0.96064230410297279938 0.34047064336318277888 0.5 
-1.0000000000000000199e+30 -1.0000000000000000199e+30 0 0 0 0 0 0 0 0 0 0 0 0 0 0 0 0 0 0 0 0 0 0 0 0 0 0 0 0 0 0 0 
1382.0137095840082111 1380.947862643345843 0.00555095814089118407 0.010999894621696711117 0.410544588502578911 0.34332965437819340515 0.85359330999554783315 0.00073679566251749913607 1.7024202749930255063 0.49073569082292861632 0.66389011155751276316 0.61152384919032376498 0.85862615873902803365 0.00039736095239564106106 0.0095250483882674819025 0.00118144445784769468 0.043897383787806512623 0.38106216561098915641 0.2865778951337889513 0.71604089754298816395 0.75668309270258904409 0.17603072051235643669 2.6902559230199050155 0.96095386974056695717 -0.094245534033254016459 1.4366966227189399419 -1.9608999993650300109 -0.1976982259741499881 -0.12194873348728359208 -0.3917222392654608476 0.043934839628156370506 0.34047064336318277888 0.5 
-1.0000000000000000199e+30 -1.0000000000000000199e+30 0 0 0 0 0 0 0 0 0 0 0 0 0 0 0 0 0 0 0 0 0 0 0 0 0 0 0 0 0 0 0 
1425.7901695683212893 1419.8301081224326481 0.0053745607255141656863 0.0088354847357438384692 0.93394767592015526247 0.07334150582956372455 0.95121217275596448015 0.23058912353466434753 2.6468319447402266498 0.061470133629687721821 0.99905312324521056144 0.92451898175265267987 0.86083579731797665868 0.001432431592795793858 0.0025403778687879061127 0.0013035652842305995788 -0.48085171574475243927 0.94703748120405339961 0.0012549367416488832645 0.62245453254664262488 0.020592608082627562871 0.00014966978775383975916 2.451947529570081219 0.96095386974056695717 -0.09424576755153450669 1.4366966227189399419 -1.9608999993650300109 -0.1976982259741499881 0.069222055098521612093 0.012111055870846862415 0.002920462589390898471 0.34047064144968502974 0.5 
-1.0000000000000000199e+30 -1.0000000000000000199e+30 0 0 0 0 0 0 0 0 0 0 0 0 0 0 0 0 0 0 0 0 0 0 0 0 0 0 0 0 0 0 0 
52.939053541885293441 64.94254858671710906 0.0073781734133988594385 0.010113346541040003218 0.58165699366504453049 0.10428216836203144102 0.33669087253077639721 0.079886962224931010179 2.5313008561464531709 0.036825074839402296978 0.90808905393668826189 0.45928461250050561793 0.88323464749496805037 0.0012124578126569815397 0.018280638417633457427 626.92698854716149981 0.25179466515059428788 0.78011043563304749426 0.54261234946637493248 0.87286110559092877637 0.088283768310611340779 0.002334915051821492317 1.9713266735777574823 0.96095386974056695717 -0.094238565417910091782 1.4366966227189399419 -1.9608999993650300109 -0.1976982259741499881 0.27143329636444296638 -0.2749352998227055922 0.25582097814457777085 0.34049256206754274778 0.5 
-1.0000000000000000199e+30 -1.0000000000000000199e+30 0 0 0 0 0 0 0 0 0 0 0 0 0 0 0 0 0 0 0 0 0 0 0 0 0 0 0 0 0 0 0 
1366.9420184236621481 1371.9663270480216397 0.0042617095485905139712 0.005254721260911943484 0.84080969084426349092 0.17424205047567956073 0.84222103518793145494 0.11048323296665873983 3.0377968631080269901 0.16309122962796915313 0.9993891955704266028 0.91346790970936453391 0.88057827470911365086 0.00080627976072263020293 0.0026986933113129960536 0.0012227992178061109288 -0.52571102719936113612 0.022236693641391112181 0.074069744314023522325 0.94844321414144228122 3.2849200302742906921 0.0053423992705201412898 5.0492531676826795106 0.96095386974056695717 -0.092617588328512634455 1.4366966227189399419 -1.9608999993650300109 -0.1976982259741499881 -1.8004881523853042413 1.1545492596962450005 0.74456234337595661454 0.34037730240534380677 0.5 
-1.0000000000000000199e+30 -1.0000000000000000199e+30 0 0 0 0 0 0 0 0 0 0 0 0 0 0 0 0 0 0 0 0 0 0 0 0 0 0 0 0 0 0 0 
1484.1541272058243521 1467.4167205224343888 0.0045968452670609536576 0.0080964112560662198498 0.77405221008178448638 0.21244256446244166869 0.16092775428975245045 0.25401473783584993527 2.327764188279016988 0.23251342019746273904 0.99527956641659243164 0.85867724067487016804 0.86822914115507654476 0.0024268736807458810706 0.0042448368955753925866 0.0010737311136415962111 -1.0464053939730793008 0.50002031466798280146 0.45525180366178119584 0.36336255703489528379 0.0015091092039631057511 0.00016686909726838523166 3.9409375823907151215 0.96095386974056695717 -0.0091691402005676415909 1.4366966227189399419 -1.9608999993650300109 -0.1976982259741499881 -0.2403728983210422776 -0.02169491049029036514 -0.045267567265458455439 0.33553379447191011842 0.5 
-1.0000000000000000199e+30 -1.0000000000000000199e+30 0 0 0 0 0 0 0 0 0 0 0 0 0 0 0 0 0 0 0 0 0 0 0 0 0 0 0 0 0 0 0 
-23567.401464383572602 -23568.653272178460611 0.0054258165383223580167 0.009015592276157518084 0.91556057685455705109 0.22043396102253845492 0.87755539905189172689 0.1358467370471964919 3.4189683358033473581 0.209123461411569872 0.99597263434348426436 0.89801624301219529212 0.84774021891790296568 0.00075637056348688911766 0.0026302969150362037754 0.0013503762565981981218 -0.57953927820197626009 0.76007171138189733028 0.92509006266482174397 0.023474711459130048752 0.0057215715758502485103 0.0053465208364650608497 1.2808740038890391588 0.96095386974056695717 -0.0091691402005676415909 1.4366966227189399419 -1.9608999993650300109 -0.1976982259741499881 -0.096202121777158366989 0.97821651080582439075 -0.73433560120410157346 0.33553379447191011842 0.5 
-1.0000000000000000199e+30 -1.0000000000000000199e+30 0 0 0 0 0 0 0 0 0 0 0 0 0 0 0 0 0 0 0 0 0 0 0 0 0 0 0 0 0 0 0 
1393.1242635987587164 1398.0716075422985796 0.0056463481510157257845 0.0086035130035983526514 0.82491506089980703997 0.11764982302764238897 0.93973846474570632559 0.14253121841571633754 3.4356529558952595416 0.14921939205392312222 0.9997098817428508033 0.91461706366912443045 0.8826198130005704634 0.00094691082074587948868 0.0028925852910969196072 0.0012835564498844171961 -0.36281695751069759082 0.037603782860107307084 0.80694828921747785433 0.38721282722516797703 0.0027540943831970577521 0.12335096021692482093 2.9213796789859185488 0.96095386974056695717 -0.0091290822490958691005 1.4366966227189399419 -1.9608999993650300109 -0.1976982259741499881 -0.77840915022976608917 -2.2971985234701444156 -0.19046552707992464581 0.33553195798090684754 0.5 
-1.0000000000000000199e+30 -1.0000000000000000199e+30 0 0 0 0 0 0 0 0 0 0 0 0 0 0 0 0 0 0 0 0 0 0 0 0 0 0 0 0 0 0 0 
1248.0725583417645339 1247.4815142176971676 0.0060314836243561030862 0.0099409715954409377109 0.83122914920181711906 0.069576415279448758366 0.93082555510717523983 0.083551249525574702859 3.4275575381829290755 0.25031490607087603095 0.99890970537091317016 0.85615656082032742802 0.93046358829745845487 0.00047318246810012148723 0.0061241766333193694422 0.0011702544020432688147 -1.2149762792990828064 0.077893454435116318835 0.014784800008967861895 0.87602709314849613875 0.31750846801165460986 0.00013613748772577658266 2.020356394763585417 0.96095386974056695717 -0.0091290822490958691005 1.4366966227189399419 -1.9608999993650300109 -0.1976982259741499881 2.1111995711400313169 -0.3074391705695763144 0.22957467231675013353 0.33553195798090684754 0.5 
-1.0000000000000000199e+30 -1.0000000000000000199e+30 0 0 0 0 0 0 0 0 0 0 0 0 0 0 0 0 0 0 0 0 0 0 0 0 0 0 0 0 0 0 0 
1524.3361587787064764 1525.4801515543670121 0.0078057218311444933473 0.015136963588846885989 0.78539668714524313309 0.024654979017210639641 0.87721727710437324976 0.07354136520554292733 2.705724059235278034 0.075114989151568500869 0.99951922266791382032 0.90593969820633923895 0.88201852064028407607 0.00054252235948938003045 0.007573890897635450134 0.0011989254010007193828 -0.092910689773341131881 0.68494146831536628639 0.0016459377231347765459 0.57567103604770741843 0.00022324138364770073836 2.1641345252854691239 4.7273381777207070797 0.96095386974056695717 0.0097427421104118849121 1.4366966227189399419 -1.9608999993650300109 -0.1976982259741499881 -0.043576841972636060074 -0.0039699332111611425333 0.00083694083650631429655 0.33558017989603605713 0.5 
-1.0000000000000000199e+30 -1.0000000000000000199e+30 0 0 0 0 0 0 0 0 0 0 0 0 0 0 0 0 0 0 0 0 0 0 0 0 0 0 0 0 0 0 0 
-1.0000000000000000199e+30 -1.0000000000000000199e+30 0 0 0 0 0 0 0 0 0 0 0 0 0 0 0 0 0 0 0 0 0 0 0 0 0 0 0 0 0 0 0 
-1.0000000000000000199e+30 -1.0000000000000000199e+30 0 0 0 0 0 0 0 0 0 0 0 0 0 0 0 0 0 0 0 0 0 0 0 0 0 0 0 0 0 0 0 
1419.5545185833857431 1413.4552405527108476 0.0045715143090609543924 0.0077330024817702375239 0.98524220482955571221 0.39319563183501865522 0.73656799573848985574 0.18010268684044816734 2.738175521239226029 0.22775789631344517394 0.99877923818159974889 0.93562943185060487572 0.80292760885989489239 0.0011134635766253569208 0.0019849922523732699449 0.0013410407883012764093 -0.06960421635262768747 1.4467703914057687177e-08 0.44553729155060178835 0.78258480526158058499 0.11690126000224708436 0.0010812986410196801131 3.3676538919257046345 0.96095386974056695717 0.0097427559651911254529 1.4366966227189399419 -1.9608999993650300109 -0.1976982259741499881 -0.51239295102982806984 -0.74858534513705932145 0.052679067788359991431 0.33558018089669755524 0.5 
-1.0000000000000000199e+30 -1.0000000000000000199e+30 0 0 0 0 0 0 0 0 0 0 0 0 0 0 0 0 0 0 0 0 0 0 0 0 0 0 0 0 0 0 0 
1292.3936213022529955 1284.0854966213862554 0.0064304940691797445387 0.012515777423064179674 0.57108732237787473984 0.90463141740039076932 0.88407146773467448764 0.93602675534155566073 2.1612097327895587462 0.19006260163388744022 0.73044909846406202991 0.90099566800740149564 0.78416856983759120059 0.0072416438796446616633 0.0017172108315727646882 0.0014208849973223391591 -0.011671836920030627741 2.0767147297001323615e-08 0.0011512716114638267724 0.59080069413267233269 0.21008750022383518297 0.010041490423692116252 2.3785679410566649139 0.96095386974056695717 0.0097427913359419658634 1.4366966227189399419 -1.9608999993650300109 -0.1976982259741499881 0.3869519124417111211 -0.11837327810341226331 0.035786446895329095119 0.33558034614527787465 0.5 
-1.0000000000000000199e+30 -1.0000000000000000199e+30 0 0 0 0 0 0 0 0 0 0 0 0 0 0 0 0 0 0 0 0 0 0 0 0 0 0 0 0 0 0 0 
-108828257.7205978632 -108828261.48771707714 0.0050104530263865108136 0.0083191529352621574472 0.83749567351660569869 0.18059760166152094563 0.86155263374784618602 0.11452998097385438947 2.7587319404657097976 0.11501436631281840295 0.99220165650349789743 0.94632848397859936629 0.82340484662984980702 0.00074656179905779342619 0.0019856824986262226751 0.0013474342217232250681 1.3825895879941278999 0.62015057518146932125 0.35493856086395680904 0.37749008741229772568 0.0021305419108830392534 0.0089078382658772173319 1.0542474010726436973 0.96095386974056695717 0.0097427913359419658634 1.4366966227189399419 -1.9608999993650300109 -0.1976982259741499881 -0.088379158517219627567 0.40429755830647395864 -1.4412964207422955809 0.33558034614527787465 0.5 
-1.0000000000000000199e+30 -1.0000000000000000199e+30 0 0 0 0 0 0 0 0 0 0 0 0 0 0 0 0 0 0 0 0 0 0 0 0 0 0 0 0 0 0 0 
-17912.506109908714279 -17872.116511650572647 0.0012012964168897806438 5.1913754180992616183e-05 0.86081043413572921885 0.67038735432288631966 0.012990183203239314899 0.89634217179753916671 2.0801530644984622676 0.34682566256526942139 0.85095815895554460795 0.99950483209996210388 0.76016902729085211732 0.0093340418780275147964 8.6048706434667111527e-05 0.0013486445373297880571 -0.1660402040930306633 0.38808849355555663507 0.17512062966632765959 0.47278595978850040948 2.1810623491348528624 0.063151536873763833291 2.9820430738393457482 0.96095386974056695717 0.0097428347592209817857 1.4366966227189399419 -1.9608999993650300109 -0.1976982259741499881 -0.79958871350854476834 -0.36731431486052912305 0.17997438185555797441 0.33558034371266359797 0.5 
-1.0000000000000000199e+30 -1.0000000000000000199e+30 0 0 0 0 0 0 0 0 0 0 0 0 0 0 0 0 0 0 0 0 0 0 0 0 0 0 0 0 0 0 0 
-10159002.193943014368 -10159018.176351318136 0.0042583407007623468032 0.007103207841282710433 0.39923806837759912014 0.79473920655436813831 0.69639798183925449848 0.21204064739868044853 3.0289272407069800508 0.39018320082686841488 0.81397653119638557762 0.78420172622427342102 0.023254106752574443817 0.0076401218399405482554 0.0062515764636918904479 0.00013307117857038974437 -0.74672453585467946091 0.23015179019421339035 0.63910835073329508305 0.62385546369478106499 0.0097215740359388284897 0.002503569850232452345 2.3788196127861738205 0.96095386974056695717 0.0097428347592209817857 1.4366966227189399419 -1.9608999993650300109 -0.1976982259741499881 0.10026271683795007217 -0.39310436167111861838 0.26312381293788478231 0.33558034371266359797 0.5 
-1.0000000000000000199e+30 -1.0000000000000000199e+30 0 0 0 0 0 0 0 0 0 0 0 0 0 0 0 0 0 0 0 0 0 0 0 0 0 0 0 0 0 0 0 
1414.0381269353088101 1414.8860606108087268 0.0055868704700978658734 0.011040524523280914604 0.81179101630426109271 0.18730168837970992413 0.84138598846895618077 0.13325072847332769532 2.7467921612657213437 0.12594173933435748314 0.99991543869183641124 0.92943411861470770496 0.83083524888518678342 0.00092476432820709074823 0.0021376577342476048293 0.0013217934165675947981 -1.382004283249140153 0.58983621230294347448 0.99741729343620655346 0.48071809237630369616 0.00011149321095228065248 0.22010799870585745497 2.6648212866622884576 0.96095386974056695717 0.011401571696458816935 1.4366966227189399419 -1.9608999993650300109 -0.1976982259741499881 0.17460820843506663635 0.65618258318588151834 -0.0072126664858417300838 0.37878622690938346107 0.5 
-1.0000000000000000199e+30 -1.0000000000000000199e+30 0 0 0 0 0 0 0 0 0 0 0 0 0 0 0 0 0 0 0 0 0 0 0 0 0 0 0 0 0 0 0 
-30676.864713863058569 -30671.457766634990548 0.0055002006187472316304 0.0095014263699801145696 0.96833095426959781005 0.13340516432288596071 0.87145142121081442532 0.95441762782035444168 2.7299890142168208307 0.073984966736637236551 0.9990856241695562634 0.95735585365300412963 0.76475118516285678361 0.005106352985924940413 0.0012519456889716876116 0.0015843738874561702143 0.41035129531967201588 0.56990025308914482594 0.16842748597264289856 0.78524578246288001537 0.0047268476011231540246 0.0064832595922052864423 1.7371621709316968918 0.96095386974056695717 0.011401571696458816935 1.4366966227189399419 -1.9608999993650300109 -0.1976982259741499881 2.365651716468698762 -3.1000198217494845387 0.41348859296149004239 0.37878622690938346107 0.5 
-1.0000000000000000199e+30 -1.0000000000000000199e+30 0 0 0 0 0 0 0 0 0 0 0 0 0 0 0 0 0 0 0 0 0 0 0 0 0 0 0 0 0 0 0 
-1.0000000000000000199e+30 -1.0000000000000000199e+30 0 0 0 0 0 0 0 0 0 0 0 0 0 0 0 0 0 0 0 0 0 0 0 0 0 0 0 0 0 0 0 
-1.0000000000000000199e+30 -1.0000000000000000199e+30 0 0 0 0 0 0 0 0 0 0 0 0 0 0 0 0 0 0 0 0 0 0 0 0 0 0 0 0 0 0 0 
1020.8449623629508096 1017.2510004616865444 0.005595036985870612857 0.0097457509142666511742 0.86543238276812750609 0.27830997408389079872 0.90505973600300637649 0.16371330984550219734 3.0699277158934656917 0.15519628793614426154 0.99909746125740650502 0.89080483387845399434 0.82466197970974153275 0.014484759742527039683 0.0024282695851015508037 0.0013574721242016671557 1.433097953041242878 0.27748018499656718072 0.013931467847324432302 0.55542648628495938645 7.0106147254865103582e-05 1.019976253284813339 5.6772431219633494592 0.96095386974056695717 0.026674503923992839288 1.4366966227189399419 -1.9608999993650300109 -0.1976982259741499881 0.03147682950155813314 -0.04559585550668041054 0.0045139488428947204327 0.41617201241395435085 0.5 
-1.0000000000000000199e+30 -1.0000000000000000199e+30 0 0 0 0 0 0 0 0 0 0 0 0 0 0 0 0 0 0 0 0 0 0 0 0 0 0 0 0 0 0 0 
-1.0000000000000000199e+30 -1.0000000000000000199e+30 0 0 0 0 0 0 0 0 0 0 0 0 0 0 0 0 0 0 0 0 0 0 0 0 0 0 0 0 0 0 0 
-1.0000000000000000199e+30 -1.0000000000000000199e+30 0 0 0 0 0 0 0 0 0 0 0 0 0 0 0 0 0 0 0 0 0 0 0 0 0 0 0 0 0 0 0 
1530.8645399289109719 1523.6484816045940534 0.0056780712660010048895 0.0097046784855888881122 0.80221282612364208653 0.15326928864606484404 0.88472166350905789844 0.094894436879724625156 3.6760364266495240138 0.24465163962731356628 0.99882795609985031149 0.96803854987692694589 0.8745722629500405354 0.00065745439218400935927 0.002255655886335325086 0.0013119870906293927982 -0.057407801899757512909 0.17898934535497842968 0.69096003644361725371 0.19971764408815909086 3.9964446375421596195e-05 0.029673105058969164588 5.0740748991669946122 0.96095386974056695717 0.026674045827435856337 1.4366966227189399419 -1.9608999993650300109 -0.1976982259741499881 0.0058201604241426424524 -0.022071825304343969942 0.00086276058462637038576 0.41617200457387532042 0.5 
-1.0000000000000000199e+30 -1.0000000000000000199e+30 0 0 0 0 0 0 0 0 0 0 0 0 0 0 0 0 0 0 0 0 0 0 0 0 0 0 0 0 0 0 0 
1389.914472577303286 1393.3840097552431416 0.0047455704143879295226 0.0088864965332647455343 0.87900852664174977669 0.18265907418036944621 0.737280886016095649 0.083406105901670690717 2.0306353572321236278 0.17790333402708682908 0.99690841604900204409 0.90293163953800770205 0.83102329913359773705 0.00049253837636356557692 0.0025845096289622807202 0.0011787864536483350694 0.1175763011395004054 0.02744352528517407519 0.070853409966966027222 0.55684829551974168727 0.0001303759487527448625 0.49595957606670165729 7.3443063699636415009 0.96095386974056695717 0.026674045827435856337 1.4366966227189399419 -1.9608999993650300109 -0.1976982259741499881 0.20010883401393167458 -3.0238902801448652724 -3.0414056095636223809 0.41617200457387532042 0.5 
