-1.0000000000000000199e+30 -1.0000000000000000199e+30 0 0 0 0 0 0 0 0 0 0 0 0 0 0 0 0 0 0 0 0 0 0 0 0 0 0 0 0 0 0 0 
-1.0000000000000000199e+30 -1.0000000000000000199e+30 0 0 0 0 0 0 0 0 0 0 0 0 0 0 0 0 0 0 0 0 0 0 0 0 0 0 0 0 0 0 0 
-1.0000000000000000199e+30 -1.0000000000000000199e+30 0 0 0 0 0 0 0 0 0 0 0 0 0 0 0 0 0 0 0 0 0 0 0 0 0 0 0 0 0 0 0 
1118.7025993533461588 1109.2499218495036075 0.0052515516387051392605 0.0087490603263779050808 0.80602672833582367229 0.38361397381552470032 0.85107973789815316579 0.080625898880027468962 3.4371058773447402679 0.29663788618492870075 0.98935825375912589408 0.91310519801541212281 0.85486995109243402169 0.00052394576650119861153 0.0025367561686646927094 0.001354251687276623959 -1.2279253945473094234 0.5321370137398746536 0.3886952435255096594 0.56065237041222970582 0.053131513529799369311 5.7206847669032033997e-05 2.2860622578991560694 0.96095386974056695717 -0.09984390459964438691 1.4366966227189399419 -1.9608999993650300109 -0.1976982259741499881 0.44246475453808442602 -0.20385990693303149279 0.15409217443678255299 0.34223565232495245514 0.5 
-1.0000000000000000199e+30 -1.0000000000000000199e+30 0 0 0 0 0 0 0 0 0 0 0 0 0 0 0 0 0 0 0 0 0 0 0 0 0 0 0 0 0 0 0 
1465.9030826269554382 1462.1011919899196982 0.0061173037240470481621 0.010662200199444001394 0.7304500909474471726 0.087118125647687241764 0.83314106701104473363 0.05128534038768137876 3.3093776762117341761 0.15488892014947991393 0.99673419190911316523 0.85090598227351477156 0.89213379223581845689 0.00042423612834211583359 0.0064162798063207258925 0.0012504520556840307242 -0.064240115390381866134 0.83425715094657515447 0.98561909266998504187 0.62335638766698053814 0.00067502641469272082076 0.00018951016082207716544 3.3382810073050452893 0.96095386974056695717 -0.091423536305878613795 1.4366966227189399419 -1.9608999993650300109 -0.1976982259741499881 -2.0241040892387935912 -1.1094166680550445747 -0.14452043525347155195 0.3414204124673012597 0.5 
-1.0000000000000000199e+30 -1.0000000000000000199e+30 0 0 0 0 0 0 0 0 0 0 0 0 0 0 0 0 0 0 0 0 0 0 0 0 0 0 0 0 0 0 0 
1020.8380092035462212 1023.0908351988196046 0.0046061719985660970478 0.0083152992101931284818 0.82792471608315731935 0.18046423394485897052 0.91212056798457874507 0.10741426551342150852 3.5273586697086787289 0.19696824478737720576 0.99832560052825991548 0.93101144647169387092 0.88534980296297072222 0.01873140704345722593 0.010197103005715215523 0.0012437995861367026184 -1.1870693073379776639 0.67635550798307542131 0.30994302387094091467 0.54630424789254983242 0.054518528404482263783 4.367128213974622703e-05 5.5075076928481818683 0.96095386974056695717 -0.091428821121979822473 1.4366966227189399419 -1.9608999993650300109 -0.1976982259741499881 -0.6943220593004223451 0.23602134501718521897 -0.40783373651132898141 0.34142034278937649638 0.5 
-1.0000000000000000199e+30 -1.0000000000000000199e+30 0 0 0 0 0 0 0 0 0 0 0 0 0 0 0 0 0 0 0 0 0 0 0 0 0 0 0 0 0 0 0 
-1.0000000000000000199e+30 -1.0000000000000000199e+30 0 0 0 0 0 0 0 0 0 0 0 0 0 0 0 0 0 0 0 0 0 0 0 0 0 0 0 0 0 0 0 
-1.0000000000000000199e+30 -1.0000000000000000199e+30 0 0 0 0 0 0 0 0 0 0 0 0 0 0 0 0 0 0 0 0 0 0 0 0 0 0 0 0 0 0 0 
-2585695.5146309724078 -2585707.2864128290676 0.0033422469638753685151 0.0052791127240440502769 0.73130636592395603657 0.012231393950060009956 0.91709092026576399803 0.86895396700128912926 2.0685934773180632007 0.70263108564540743828 0.87928228634409610898 0.93049307945184411839 0.30025306902825832367 0.0039707298460416491637 0.00020215274998918174613 0.0002640552329830825524 0.25722402947364236825 0.62119418149814009666 0.71686369436793029308 0.55702930502593517303 0.0014733247295953333985 0.0078024926595389844722 1.6362752224085852504 0.96095386974056695717 -0.091428821121979822473 1.4366966227189399419 -1.9608999993650300109 -0.1976982259741499881 -1.9088708278290134057 1.138830548109907248 0.98094663066935561258 0.34142034278937649638 0.5 
-1.0000000000000000199e+30 -1.0000000000000000199e+30 0 0 0 0 0 0 0 0 0 0 0 0 0 0 0 0 0 0 0 0 0 0 0 0 0 0 0 0 0 0 0 
1513.4841989606456991 1500.9185152873342304 0.0045544652965030830993 0.008140620445687474227 0.65910245399125755306 0.039371499314428466676 0.16971197630918494204 0.010131146590056927526 2.390086961002796162 0.36555415763482912439 1.2515735264905367997e-09 0.99194485597523118781 0.91002644799045284696 0.0012755181854880869204 0.0057042193110226858607 0.0011329102283573373733 -1.4926026443442290681 0.62493287322040191878 0.20652615498002235839 0.60349868520176996878 0.0018512843671929270217 0.00067715036212110486444 3.4370780541877010705 0.96095386974056695717 -0.067591387232593072576 1.4366966227189399419 -1.9608999993650300109 -0.1976982259741499881 0.3640705430100684703 -0.31905965021950843941 -0.013130784529343028991 0.34080342757061210524 0.5 
-1.0000000000000000199e+30 -1.0000000000000000199e+30 0 0 0 0 0 0 0 0 0 0 0 0 0 0 0 0 0 0 0 0 0 0 0 0 0 0 0 0 0 0 0 
1327.8818353807700987 1318.7251799182677132 0.0036683428642240185208 0.0068934633999599339432 0.67166821086550199116 0.02289397368818881992 0.040381515414001784015 0.060018198600155683864 1.8397345574496282161 0.077814381340804233966 0.51855860967182809684 0.36786917360471543814 0.7685261751081831072 0.0017783764173175675705 0.13580258871091463457 0.0013618182855553563702 -1.6409463147469072197 0.21144534997728919867 1.5243245155840597371e-09 0.64594352872979166058 0.0029436308846667569826 0.00015986012724159028822 2.1856612104643984296 0.96095386974056695717 -0.067591334850230985754 1.4366966227189399419 -1.9608999993650300109 -0.1976982259741499881 1.3621476668246472741 -0.7460880641522751322 -0.68602643696743792479 0.3408034219487666161 0.5 
-1.0000000000000000199e+30 -1.0000000000000000199e+30 0 0 0 0 0 0 0 0 0 0 0 0 0 0 0 0 0 0 0 0 0 0 0 0 0 0 0 0 0 0 0 
1337.1072014320268408 1331.9462464529949557 0.0047086331278835234782 0.0085670517348920109668 0.66386167686403263488 0.039016849184090353353 0.05618413400154046583 0.10635674976292351646 3.3908648888473211791 0.29174769917188791979 0.82734493976119138914 0.86838047759542735804 0.41654240387429591896 0.0021801008665629627997 0.023049080110310087022 0.0043261102863558827808 0.057162088413827305544 8.4095608734529540135e-06 0.72608638650705459305 0.54737517074694430619 0.12543171194161706339 0.0020012942220776863515 4.265554237594439968 0.96095386974056695717 -0.067341335566190221873 1.4366966227189399419 -1.9608999993650300109 -0.1976982259741499881 -0.014200316562636986634 0.0047170943077046159284 -0.0005900037318805720658 0.34080339751963628636 0.5 
-1.0000000000000000199e+30 -1.0000000000000000199e+30 0 0 0 0 0 0 0 0 0 0 0 0 0 0 0 0 0 0 0 0 0 0 0 0 0 0 0 0 0 0 0 
1506.7817025391839252 1492.7271604865629797 0.0050094329833428111187 0.0083492066876326292979 0.84565304095819082697 0.33873409823741290614 0.73105049419200363037 0.65958984193921410544 3.1944891237155106367 0.16853734495327526988 0.99846282503410710429 0.8992964883725946823 0.8131778364566961681 0.0042875719329944989369 0.0018971286310888785167 0.0014179910643572378112 -0.13057024264177075068 0.2441884763092097288 1.3379899490064404207e-07 0.60949041353276256494 0.0057312927176153072653 0.00018067526939303664674 5.1110165607473554417 0.96095386974056695717 -0.057082551136347761678 1.4366966227189399419 -1.9608999993650300109 -0.1976982259741499881 0.054994852832254699504 -0.044581775691903156866 -0.0019596213739515875099 0.34069065703171719228 0.5 
-1.0000000000000000199e+30 -1.0000000000000000199e+30 0 0 0 0 0 0 0 0 0 0 0 0 0 0 0 0 0 0 0 0 0 0 0 0 0 0 0 0 0 0 0 
-1.0000000000000000199e+30 -1.0000000000000000199e+30 0 0 0 0 0 0 0 0 0 0 0 0 0 0 0 0 0 0 0 0 0 0 0 0 0 0 0 0 0 0 0 
-1.0000000000000000199e+30 -1.0000000000000000199e+30 0 0 0 0 0 0 0 0 0 0 0 0 0 0 0 0 0 0 0 0 0 0 0 0 0 0 0 0 0 0 0 
1254.7054493880923474 1238.6349865512113411 0.0038744110814690206797 0.0074673526849978908923 0.8115013523111969107 0.08614422450983609536 0.10276498814814394311 0.021067328049671492363 1.7636599414401497032 0.33192263908839958475 0.0023029937436147077112 0.93635514725839308348 0.86370214251133403671 0.0012807736320220104893 0.0057701049898471242633 0.001122446621906198665 0.39738307958702262512 0.35034873994533849428 0.91728466618807069644 0.18024975209718702152 0.0012640050040610608523 0.00010022377765432646476 1.5298987039194236193 0.96095386974056695717 -0.057082551136347761678 1.4366966227189399419 -1.9608999993650300109 -0.1976982259741499881 1.4531290610316054401 -0.38664159466094588646 0.27956226701438974258 0.34069065703171719228 0.5 
-1.0000000000000000199e+30 -1.0000000000000000199e+30 0 0 0 0 0 0 0 0 0 0 0 0 0 0 0 0 0 0 0 0 0 0 0 0 0 0 0 0 0 0 0 
-1.0000000000000000199e+30 -1.0000000000000000199e+30 0 0 0 0 0 0 0 0 0 0 0 0 0 0 0 0 0 0 0 0 0 0 0 0 0 0 0 0 0 0 0 
-1.0000000000000000199e+30 -1.0000000000000000199e+30 0 0 0 0 0 0 0 0 0 0 0 0 0 0 0 0 0 0 0 0 0 0 0 0 0 0 0 0 0 0 0 
102.99204410619064731 105.72460227204672378 0.005159883454708523963 0.0086569964170220749938 0.85289728652553398192 0.35209218651875334727 0.82771384686605253833 0.11383008487249661467 3.109539454009744297 0.22237368524429265704 0.99859626328750161761 0.92712068394407076699 0.8205446721007415567 0.00070507908442750226452 0.001939541337860716105 0.0013577924031925303876 0.578536001758104379 0.9421797329256599296 0.99492095878029185307 0.95755349687496815747 0.00048300785623506779787 0.0082831067495865804556 1.026128235174056158 0.96095386974056695717 -0.057082551136347761678 1.4366966227189399419 -1.9608999993650300109 -0.1976982259741499881 -0.23705265834338618003 0.39228172877556222176 0.96454080983973167207 0.34069065703171719228 0.5 
-1.0000000000000000199e+30 -1.0000000000000000199e+30 0 0 0 0 0 0 0 0 0 0 0 0 0 0 0 0 0 0 0 0 0 0 0 0 0 0 0 0 0 0 0 
1313.7278847764719103 1317.1464609681258935 0.0057153988018253942816 0.0087197104211558882497 0.86565492252382114646 0.14219573236985827425 0.88509488837850225362 0.10936359940480680497 2.9807491365515264015 0.21211735768454978435 0.99782489626792425508 0.90867685623782890048 0.84892748348181334972 0.00030411772449162659216 0.0028251789940671044772 0.0012678699244023858284 -0.52589182720587912545 0.08464596033982875467 0.96873112803600447407 0.62187098348792158031 0.48169233108714648584 0.11918692311681194917 4.0236508536599036034 0.96095386974056695717 -0.05902779125351965972 1.4366966227189399419 -1.9608999993650300109 -0.1976982259741499881 0.000946594360302357757 -0.74278106786754793944 -0.0027552484430299686857 0.34069065779262153182 0.5 
-1.0000000000000000199e+30 -1.0000000000000000199e+30 0 0 0 0 0 0 0 0 0 0 0 0 0 0 0 0 0 0 0 0 0 0 0 0 0 0 0 0 0 0 0 
-1.0000000000000000199e+30 -1.0000000000000000199e+30 0 0 0 0 0 0 0 0 0 0 0 0 0 0 0 0 0 0 0 0 0 0 0 0 0 0 0 0 0 0 0 
-1.0000000000000000199e+30 -1.0000000000000000199e+30 0 0 0 0 0 0 0 0 0 0 0 0 0 0 0 0 0 0 0 0 0 0 0 0 0 0 0 0 0 0 0 
-1.0000000000000000199e+30 -1.0000000000000000199e+30 0 0 0 0 0 0 0 0 0 0 0 0 0 0 0 0 0 0 0 0 0 0 0 0 0 0 0 0 0 0 0 
-1.0000000000000000199e+30 -1.0000000000000000199e+30 0 0 0 0 0 0 0 0 0 0 0 0 0 0 0 0 0 0 0 0 0 0 0 0 0 0 0 0 0 0 0 
-1.0000000000000000199e+30 -1.0000000000000000199e+30 0 0 0 0 0 0 0 0 0 0 0 0 0 0 0 0 0 0 0 0 0 0 0 0 0 0 0 0 0 0 0 
-1.0000000000000000199e+30 -1.0000000000000000199e+30 0 0 0 0 0 0 0 0 0 0 0 0 0 0 0 0 0 0 0 0 0 0 0 0 0 0 0 0 0 0 0 
-276881.15651636209805 -276889.48638465534896 0.0031082140409955079721 0.0028895007500391541901 0.86706945799416601517 0.45964097483274490852 0.81472500908510958606 0.066858349763441696223 3.0674214958675318776 0.28005221423829057548 0.97031291897713090044 0.93922132153536397325 0.83934581347285786013 0.00044506732508714172154 0.0017776446922414723597 0.0012963123220645883082 1.4085153668919299097 0.020476419944316148758 0.72965578502044081688 0.40340681001543998718 0.0014312232495285570188 0.0070889461040496825478 1.6030614194460213184 0.96095386974056695717 -0.05902779125351965972 1.4366966227189399419 -1.9608999993650300109 -0.1976982259741499881 -0.90057099232164083968 1.3712552043739709706 -0.32700979533120955178 0.34069065779262153182 0.5 
-1.0000000000000000199e+30 -1.0000000000000000199e+30 0 0 0 0 0 0 0 0 0 0 0 0 0 0 0 0 0 0 0 0 0 0 0 0 0 0 0 0 0 0 0 
1037.1197285250880213 1028.1136953566010561 0.0060122844413537310237 0.010752586790510330547 0.81540715537936736546 0.45513359340110121076 0.94578043882320683711 0.001320077616142031722 2.0072067735663763344 0.41351790787132969296 0.78826777167598971463 0.74636864089121501831 0.92916194947048891262 0.00029413062922948663477 0.004307233164494589546 0.0010630191320748819638 1.0992562930026010815 0.56146693690201565641 0.7601636159721377739 0.21427672189165519745 0.036101162790450412599 0.0012014355635830021446 2.3415594150610861135 0.96095386974056695717 -0.05902779125351965972 1.4366966227189399419 -1.9608999993650300109 -0.1976982259741499881 -1.7347821627389448107 0.21879070021243696154 0.19388178195894370526 0.34069065779262153182 0.5 
-1.0000000000000000199e+30 -1.0000000000000000199e+30 0 0 0 0 0 0 0 0 0 0 0 0 0 0 0 0 0 0 0 0 0 0 0 0 0 0 0 0 0 0 0 
-75302.657602701510768 -75313.214210432051914 0.0059076535052129779124 0.011135967960658542386 0.45079425402925060729 0.1158957183776399974 0.99015069394175558859 0.001088418270969732397 2.5086231546607709042 0.92812577950859320719 0.76953103824022883739 0.49559022958250403823 0.95472793685254475626 0.00033354411239196982576 0.015913589841616882642 0.0011100952582114602049 0.20302789731628501091 0.54712777631357312202 0.65932884253561496735 0.82715246244333684444 0.00048060689354315397738 0.0022057417477481067007 2.2391770748654380441 0.96095386974056695717 -0.05902779125351965972 1.4366966227189399419 -1.9608999993650300109 -0.1976982259741499881 0.88140622323897499513 0.029348995789983827603 0.71469384770022403863 0.34069065779262153182 0.5 
-1.0000000000000000199e+30 -1.0000000000000000199e+30 0 0 0 0 0 0 0 0 0 0 0 0 0 0 0 0 0 0 0 0 0 0 0 0 0 0 0 0 0 0 0 
1296.2470019782308555 1307.5204512151024119 0.0047712218072055142051 0.010703778346104799932 0.92183537390666603351 0.0046948879734621581233 0.34252070672640516635 0.86145324686894086952 1.9386387246282215102 0.37596399629137244869 0.99992589886868266102 0.55449307110001810894 0.90087616257241975859 0.0054768741569558134288 0.099340658641355578107 0.0011588843232813869025 1.0035050339228699379 0.67876066046675742616 0.10157425573238379468 0.52924749726757125412 115.3537375968233647 7.8731707406180930853e-05 2.8406693322479732444 0.96095386974056695717 -0.059016990803309646307 1.4366966227189399419 -1.9608999993650300109 -0.1976982259741499881 0.25902161454679478725 -0.9238146291302656854 -0.044131224777541416815 0.34069254937811277451 0.5 
-1.0000000000000000199e+30 -1.0000000000000000199e+30 0 0 0 0 0 0 0 0 0 0 0 0 0 0 0 0 0 0 0 0 0 0 0 0 0 0 0 0 0 0 0 
-1.0000000000000000199e+30 -1.0000000000000000199e+30 0 0 0 0 0 0 0 0 0 0 0 0 0 0 0 0 0 0 0 0 0 0 0 0 0 0 0 0 0 0 0 
-1.0000000000000000199e+30 -1.0000000000000000199e+30 0 0 0 0 0 0 0 0 0 0 0 0 0 0 0 0 0 0 0 0 0 0 0 0 0 0 0 0 0 0 0 
-4228894.7644616859034 -4228901.7290322920308 0.0046869061520477149282 0.0069674680034572562815 0.91140588761278140684 0.43792280214116474646 0.91253812208690565644 0.064283828187394045917 3.4087483936625795344 0.36224178561125847109 0.99506729465199039719 0.96425340872964504513 0.85670131999147947077 0.00038884370940048040627 0.0017669912944958238686 0.0012166311028486945407 0.75840201853042998881 0.092706633498892188072 0.20178753486834466457 0.8028248324990272522 0.0020965021429583431678 0.0085355787398293612306 2.0976592387305572629 0.96095386974056695717 -0.059016990803309646307 1.4366966227189399419 -1.9608999993650300109 -0.1976982259741499881 0.86424293648507477528 -0.6285094909023394294 -1.4493393113819306173 0.34069254937811277451 0.5 
-1.0000000000000000199e+30 -1.0000000000000000199e+30 0 0 0 0 0 0 0 0 0 0 0 0 0 0 0 0 0 0 0 0 0 0 0 0 0 0 0 0 0 0 0 
1499.7861316276730577 1493.2216970226720605 0.0038564947448263189184 0.0026607823900542770627 0.67394522780176080445 0.030468613354742608845 0.2004109259717942737 0.01343779444987110161 3.0435222027323849403 0.71756865164471894669 0.0013673688793850245337 0.91327903740617966122 0.96628630046367425255 0.0012471809830493626927 0.016165997465496212415 0.00099335175865058545144 -2.2604312742610495057 0.65685466311591589328 0.4597974165744474484 0.49637307330139585071 0.0015711075938857565169 0.00023081107329960009631 3.5057095904297521649 0.96095386974056695717 -0.058863725506855917036 1.4366966227189399419 -1.9608999993650300109 -0.1976982259741499881 0.33806732978975889692 0.32532168050594578723 -0.065243903863040034197 0.34065217270044428899 0.5 
