-1.0000000000000000199e+30 -1.0000000000000000199e+30 0 0 0 0 0 0 0 0 0 0 0 0 0 0 0 0 0 0 0 0 0 0 0 0 0 0 0 0 0 0 0 
-1.0000000000000000199e+30 -1.0000000000000000199e+30 0 0 0 0 0 0 0 0 0 0 0 0 0 0 0 0 0 0 0 0 0 0 0 0 0 0 0 0 0 0 0 
-1.0000000000000000199e+30 -1.0000000000000000199e+30 0 0 0 0 0 0 0 0 0 0 0 0 0 0 0 0 0 0 0 0 0 0 0 0 0 0 0 0 0 0 0 
1225.603874399625056 1219.3568570848099171 0.0050131464781774737541 0.0080246293403305694186 0.97979402007685700848 0.34345134553850131809 0.72027047694319246141 0.65880779569239622528 2.7365938011956463249 0.10669891397148954792 0.99797600355353643931 0.94161637263428188405 0.77054313459187984137 0.0024035587678857429222 0.0023425019759760988547 0.0014879751558113251016 0.25910913124415235753 0.79862829136774782235 0.27674940697325733918 0.1611123668083935534 0.076704024148638014213 8.3556639895251516408e-05 1.96392472369673321 0.96095386974056695717 -0.09984521514014067789 1.4366966227189399419 -1.9608999993650300109 -0.1976982259741499881 1.0500498684764425494 -0.70642010864090276634 -0.92944428580577398424 0.34230117665676823568 0.5 
-1.0000000000000000199e+30 -1.0000000000000000199e+30 0 0 0 0 0 0 0 0 0 0 0 0 0 0 0 0 0 0 0 0 0 0 0 0 0 0 0 0 0 0 0 
-11289496.081516640261 -11289500.169278446585 0.004972943530620656423 0.0081366957702963711718 0.78388490518365683268 0.21934892416197032672 0.66981110776564589671 0.053457969404218992626 3.8148020143338410293 0.49101719879472183194 0.98936065634730763207 0.91162274558799638591 0.90256741756886971206 0.0004050410154939669766 0.0031755841797004844863 0.0011919673943178259439 0.44172167402971507233 0.34977874555625021458 0.23929523373953998089 0.51271442859433591366 9.7173107787966729837e-05 9.353070054203271256e-06 1.7404078271938487887 0.96095386974056695717 -0.09984521514014067789 1.4366966227189399419 -1.9608999993650300109 -0.1976982259741499881 -0.56411907632527702461 0.4285740711827868421 0.81436045981474325384 0.34230117665676823568 0.5 
-1.0000000000000000199e+30 -1.0000000000000000199e+30 0 0 0 0 0 0 0 0 0 0 0 0 0 0 0 0 0 0 0 0 0 0 0 0 0 0 0 0 0 0 0 
1379.4304774051765889 1375.4675447068400445 0.0054932572376583856805 0.0099481069197081724298 0.78859585170635226881 0.55029996222608346113 0.88657996235660085915 0.065623777340062430796 3.3106378474403261869 0.29793836195184303373 0.94338463643273617887 0.90389122626235918201 0.84163190352146211026 0.000477695553044726049 0.0020756305173224654306 0.0013071690939672213263 1.5547115039939551906 0.33847324474226064828 0.10750823192314502841 0.77536519247745416816 1.6202569055282944888 0.059559803726184280814 5.7468204452046824926 0.96095386974056695717 -0.09984521514014067789 1.4366966227189399419 -1.9608999993650300109 -0.1976982259741499881 1.022200996091031433 1.2046838937852983875 0.14831780158525506574 0.34230117665676823568 0.5 
-1.0000000000000000199e+30 -1.0000000000000000199e+30 0 0 0 0 0 0 0 0 0 0 0 0 0 0 0 0 0 0 0 0 0 0 0 0 0 0 0 0 0 0 0 
-49220.63273668733018 -49231.33827112623112 0.006089815554445001354 0.011204868301379017001 0.21300311280791620061 0.75465017142691537266 0.79579512206245961448 0.00056696423627840091247 1.7804268927681159429 0.5206864696315952612 0.62268515013608394248 0.54475818126471764469 0.89761684448368639355 0.00046019011145756813378 0.0055988569258444715465 0.0011114935317595065097 -1.2225495174490847994 0.14818292716518044472 0.59044313174672424793 0.63583546760492026806 0.0014338716748170555072 0.0081375242327339954163 2.4791227603564038873 0.96095386974056695717 -0.09984521514014067789 1.4366966227189399419 -1.9608999993650300109 -0.1976982259741499881 0.5188438421859371541 -1.3176954766188659907 1.7472127911345465279 0.34230117665676823568 0.5 
-1.0000000000000000199e+30 -1.0000000000000000199e+30 0 0 0 0 0 0 0 0 0 0 0 0 0 0 0 0 0 0 0 0 0 0 0 0 0 0 0 0 0 0 0 
1477.0404314944109956 1465.0610622816363957 0.0043494074317247674935 0.0086272208287783321012 0.72298301254170160846 0.11662903728320721253 0.17662243299328067581 0.012995260125349308855 1.9480111575654066591 0.38135830587044905471 4.1991937333973688763e-07 0.93852738472012364745 0.87783795834802069713 0.0012465731939137823358 0.0047516413490987455953 0.0010819358500824948627 0.40911507335754898618 0.53578253559047661625 0.0093553155808248460168 0.67031450929358160629 0.0015068387935511990718 0.011852710010080343486 3.1966887241770969297 0.96095386974056695717 -0.0998451756670553775 1.4366966227189399419 -1.9608999993650300109 -0.1976982259741499881 -2.2238203379338896681 0.033204178705762185664 0.58710682336380015656 0.34230117053594227849 0.5 
-1.0000000000000000199e+30 -1.0000000000000000199e+30 0 0 0 0 0 0 0 0 0 0 0 0 0 0 0 0 0 0 0 0 0 0 0 0 0 0 0 0 0 0 0 
-1.0000000000000000199e+30 -1.0000000000000000199e+30 0 0 0 0 0 0 0 0 0 0 0 0 0 0 0 0 0 0 0 0 0 0 0 0 0 0 0 0 0 0 0 
-1.0000000000000000199e+30 -1.0000000000000000199e+30 0 0 0 0 0 0 0 0 0 0 0 0 0 0 0 0 0 0 0 0 0 0 0 0 0 0 0 0 0 0 0 
1440.5164559775403177 1429.2029606555170176 0.0056984073608904979927 0.011689399086581602621 0.56628079192403213415 0.12044604115924863186 0.94631344371328118825 0.0001137477358153470415 1.9117970709850231614 0.37771952070813336055 0.69268966055157255024 0.87821584849339240364 0.87161017894343373325 0.00033819615144044977905 0.0065786328788943679302 0.0010948442448584152099 -0.36578083840190367404 0.9229172497753305171 0.37107937495172588216 0.33916294503164728935 0.0054141206389301272522 9.916217235838175497e-05 3.2052121577973422539 0.96095386974056695717 -0.099845117148479628488 1.4366966227189399419 -1.9608999993650300109 -0.1976982259741499881 -0.29331175509908063992 0.026597897931983378178 -0.019164461159204414231 0.34230111429317250371 0.5 
-1.0000000000000000199e+30 -1.0000000000000000199e+30 0 0 0 0 0 0 0 0 0 0 0 0 0 0 0 0 0 0 0 0 0 0 0 0 0 0 0 0 0 0 0 
1363.2042808761891592 1357.4174580042251819 0.0048494836787320817414 0.0076760884318546520472 0.94617729814325357562 0.18986687010129946196 0.89018838452700099761 0.15609104722936381626 2.8881405828837225513 0.13716387560806170276 0.99755457000489511366 0.96518240932055876513 0.84662472951490830297 0.00087157645463913492427 0.0016740062340286309111 0.0012982020182570508555 0.9116327863744096982 0.11329419216474384546 0.99482312444493770087 0.7662860426440032402 0.00010153912480616138214 0.047167131703600054249 2.171817874159674755 0.96095386974056695717 -0.099845117148479628488 1.4366966227189399419 -1.9608999993650300109 -0.1976982259741499881 0.080527168402160606564 1.696092473906402498 0.44983546159271281528 0.34230111429317250371 0.5 
-1.0000000000000000199e+30 -1.0000000000000000199e+30 0 0 0 0 0 0 0 0 0 0 0 0 0 0 0 0 0 0 0 0 0 0 0 0 0 0 0 0 0 0 0 
-2334373.8565368293785 -2334371.956513449084 0.0045277213745492182057 0.0059200821909359269135 0.24987019746497607375 0.19188888109247112523 0.63810856670288396142 0.2031748017131187467 1.8149816319477083404 0.50431663808116955483 0.76594128559338348072 0.93449615545413788897 0.93260483960202178455 0.02589687268828716471 0.46422003498537828259 0.0010820014387235669939 1.0588559767249430266 0.3459197445772588253 0.41011132299900054932 0.73558307834900915623 0.0025165044725872576584 0.0065552793000824751551 1.396843140828423202 0.96095386974056695717 -0.099845117148479628488 1.4366966227189399419 -1.9608999993650300109 -0.1976982259741499881 0.75962898441154724782 -0.93602610224816007456 -1.8330251858067170279 0.34230111429317250371 0.5 
-1.0000000000000000199e+30 -1.0000000000000000199e+30 0 0 0 0 0 0 0 0 0 0 0 0 0 0 0 0 0 0 0 0 0 0 0 0 0 0 0 0 0 0 0 
-1.0000000000000000199e+30 -1.0000000000000000199e+30 0 0 0 0 0 0 0 0 0 0 0 0 0 0 0 0 0 0 0 0 0 0 0 0 0 0 0 0 0 0 0 
-1.0000000000000000199e+30 -1.0000000000000000199e+30 0 0 0 0 0 0 0 0 0 0 0 0 0 0 0 0 0 0 0 0 0 0 0 0 0 0 0 0 0 0 0 
-1.0000000000000000199e+30 -1.0000000000000000199e+30 0 0 0 0 0 0 0 0 0 0 0 0 0 0 0 0 0 0 0 0 0 0 0 0 0 0 0 0 0 0 0 
-1.0000000000000000199e+30 -1.0000000000000000199e+30 0 0 0 0 0 0 0 0 0 0 0 0 0 0 0 0 0 0 0 0 0 0 0 0 0 0 0 0 0 0 0 
564.37203307016170584 569.91040828491611592 0.0052633413840214712462 0.0094273388102047370185 0.38305112033754257217 0.34977244635195992029 0.98294652266491655546 0.97648610788136802618 3.129842734074853805 0.35591413413264672005 2.9642917093379704161e-09 0.75673341899501722629 0.88508737760237621295 68.95841226824052228 0.0047356746926086159058 0.0012108613249468005123 0.1297015043860424155 3.5023783313886762945e-08 0.84864047755622740166 0.78817808953761825386 0.24638999253663818045 4.9964628361164436219e-05 5.1681402367887869787 0.96095386974056695717 -0.099845098881010813097 1.4366966227189399419 -1.9608999993650300109 -0.1976982259741499881 -0.42041241498507825325 -0.16089735796109894128 -0.078842638272095783014 0.34230111281141184509 0.5 
-1.0000000000000000199e+30 -1.0000000000000000199e+30 0 0 0 0 0 0 0 0 0 0 0 0 0 0 0 0 0 0 0 0 0 0 0 0 0 0 0 0 0 0 0 
-1.0000000000000000199e+30 -1.0000000000000000199e+30 0 0 0 0 0 0 0 0 0 0 0 0 0 0 0 0 0 0 0 0 0 0 0 0 0 0 0 0 0 0 0 
-1.0000000000000000199e+30 -1.0000000000000000199e+30 0 0 0 0 0 0 0 0 0 0 0 0 0 0 0 0 0 0 0 0 0 0 0 0 0 0 0 0 0 0 0 
-71194.9630779975123 -71198.745165949163493 0.0058698888645103133518 0.014560923475361552126 0.84829541047367573725 0.55548253713575057589 0.76777321162128642218 0.82802412043496209648 2.5509961778328742454 0.28063779902080693285 0.81322803457949588424 0.84372748185126367204 0.56955589865796618643 0.0053232570120753230219 0.0037307962196101371322 0.0050648276100294384663 1.4651113072889669908 0.98393143806606531143 0.69060877105221152306 0.88828751840628683567 0.0011916450317949057579 0.0087274590483866626434 1.5374327583704143763 0.96095386974056695717 -0.099845098881010813097 1.4366966227189399419 -1.9608999993650300109 -0.1976982259741499881 0.4825780730021709819 -0.040534010567163623884 -1.4846403011049504883 0.34230111281141184509 0.5 
-1.0000000000000000199e+30 -1.0000000000000000199e+30 0 0 0 0 0 0 0 0 0 0 0 0 0 0 0 0 0 0 0 0 0 0 0 0 0 0 0 0 0 0 0 
1466.5171587457025453 1456.3475776014865914 0.005309500214492949427 0.009040153789455305372 0.74122709330875324873 0.6241263927012519197 0.9305766804922637192 0.052631621900546918247 3.1493684587674843911 0.19883796654995708475 0.99378263395192545371 0.94549290571871968947 0.81737982692553112773 0.00043627283247420016975 0.001750775195401999473 0.0014016653447179068526 0.7414357238613036305 0.92647142553089945061 0.99959278665675899145 0.60174933095588256649 0.00050807283473518921081 0.00015367253104381516549 3.3956778535364415816 0.96095386974056695717 -0.093567819275648667077 1.4366966227189399419 -1.9608999993650300109 -0.1976982259741499881 2.0399217720051199265 0.64983886793598710785 0.22251321105297408587 0.34181060416081654463 0.5 
-1.0000000000000000199e+30 -1.0000000000000000199e+30 0 0 0 0 0 0 0 0 0 0 0 0 0 0 0 0 0 0 0 0 0 0 0 0 0 0 0 0 0 0 0 
1085.2950125276584004 1084.4816290873045546 0.004353088138317475278 0.0094254171996542082668 0.49586193973866443674 0.049083030166495102142 0.41934509853938556345 0.50828982074527495616 1.7323326905912062035 0.17629137931925703553 0.94069156058189296044 4.7440077965460843973e-06 0.50386013136105534116 0.0038371120816850798688 0.10164439233122322948 0.0018483405565214872796 0.2213286102390155663 0.14219366079095605016 0.97314064678379430529 0.14760933473213602718 0.015307757194674859527 0.44764614545146108604 2.3618690364555865457 0.96095386974056695717 -0.093567789843262305638 1.4366966227189399419 -1.9608999993650300109 -0.1976982259741499881 -0.28432314776618050622 -0.46307300457825645301 -0.46732576980138140765 0.3418105969431419755 0.5 
-1.0000000000000000199e+30 -1.0000000000000000199e+30 0 0 0 0 0 0 0 0 0 0 0 0 0 0 0 0 0 0 0 0 0 0 0 0 0 0 0 0 0 0 0 
-1.0000000000000000199e+30 -1.0000000000000000199e+30 0 0 0 0 0 0 0 0 0 0 0 0 0 0 0 0 0 0 0 0 0 0 0 0 0 0 0 0 0 0 0 
-1.0000000000000000199e+30 -1.0000000000000000199e+30 0 0 0 0 0 0 0 0 0 0 0 0 0 0 0 0 0 0 0 0 0 0 0 0 0 0 0 0 0 0 0 
-1.0000000000000000199e+30 -1.0000000000000000199e+30 0 0 0 0 0 0 0 0 0 0 0 0 0 0 0 0 0 0 0 0 0 0 0 0 0 0 0 0 0 0 0 
-1.0000000000000000199e+30 -1.0000000000000000199e+30 0 0 0 0 0 0 0 0 0 0 0 0 0 0 0 0 0 0 0 0 0 0 0 0 0 0 0 0 0 0 0 
1452.4631079091170704 1438.2658128820212369 0.0039895022908950084073 0.0075491897727765636464 0.94128452678420637678 0.51879712909439201773 0.72470170605529249386 0.28351598689997914438 2.0382565952619180472 0.1112423850946277909 0.99463674602344909204 0.71518106256154156952 0.32533258923567776044 0.0016584747146633771475 0.0039639442241505336989 0.0027911789057333321468 0.019207985169008623405 0.92348266494487507572 0.053112787278045303641 0.57374402769519949885 0.009868198439239648026 5.1534398308808731116e-05 6.4305344640510959664 0.96095386974056695717 0.0038268391799787908336 1.4366966227189399419 -1.9608999993650300109 -0.1976982259741499881 -0.013709110499837582828 0.0065052677153748439051 -0.012892550700455746374 0.34065982653848447814 0.5 
-1.0000000000000000199e+30 -1.0000000000000000199e+30 0 0 0 0 0 0 0 0 0 0 0 0 0 0 0 0 0 0 0 0 0 0 0 0 0 0 0 0 0 0 0 
-1.0000000000000000199e+30 -1.0000000000000000199e+30 0 0 0 0 0 0 0 0 0 0 0 0 0 0 0 0 0 0 0 0 0 0 0 0 0 0 0 0 0 0 0 
-1.0000000000000000199e+30 -1.0000000000000000199e+30 0 0 0 0 0 0 0 0 0 0 0 0 0 0 0 0 0 0 0 0 0 0 0 0 0 0 0 0 0 0 0 
-1.0000000000000000199e+30 -1.0000000000000000199e+30 0 0 0 0 0 0 0 0 0 0 0 0 0 0 0 0 0 0 0 0 0 0 0 0 0 0 0 0 0 0 0 
-1.0000000000000000199e+30 -1.0000000000000000199e+30 0 0 0 0 0 0 0 0 0 0 0 0 0 0 0 0 0 0 0 0 0 0 0 0 0 0 0 0 0 0 0 
-108041.17993535612186 -108055.70809483779885 0.0070762655034195629661 0.0072050125512760129082 0.64501910144463181496 0.94224689248949289322 0.5116731482557952404 0.44457535631954669952 2.9585706609766928565 0.065515219001099467278 0.78722923668101429939 0.85457248608581726224 0.37909207865595817566 0.0006959521421231329311 0.0048784712515771390048 0.00029996076598763464363 0.44404764462315921003 0.62705776630900800228 0.18853981071151793003 0.16073400108143687248 0.0046478606970049443983 0.0091518965736031524655 1.7418617458315566182 0.96095386974056695717 0.0038268391799787908336 1.4366966227189399419 -1.9608999993650300109 -0.1976982259741499881 0.14635592416110701497 -1.3466571300191996219 0.53975471861419876962 0.34065982653848447814 0.5 
-1.0000000000000000199e+30 -1.0000000000000000199e+30 0 0 0 0 0 0 0 0 0 0 0 0 0 0 0 0 0 0 0 0 0 0 0 0 0 0 0 0 0 0 0 
1491.900682895110549 1479.3439400806796584 0.0043909472036823072108 0.010560439571391192631 0.7533670986869634989 0.067223421074249403717 0.040353131366955556636 0.0088887585713669538257 1.56320584464948098 0.93944879087402988205 0.0059538685986117220045 0.96462145724275949465 0.94310130684214443786 0.001434731893205566872 0.0061062108710530620809 0.0012093791085425460545 1.2906570304486975065 0.6115353912451507723 0.61415313299130691593 0.54042793582681469822 0.0017016889152277616618 8.3234343982667256942e-05 3.1811958068812185019 0.96095386974056695717 0.0038269198744981824424 1.4366966227189399419 -1.9608999993650300109 -0.1976982259741499881 -0.71335343696145259162 -0.18747331035621617179 -0.020166572560562524147 0.34065981030784342476 0.5 
-1.0000000000000000199e+30 -1.0000000000000000199e+30 0 0 0 0 0 0 0 0 0 0 0 0 0 0 0 0 0 0 0 0 0 0 0 0 0 0 0 0 0 0 0 
-1.0000000000000000199e+30 -1.0000000000000000199e+30 0 0 0 0 0 0 0 0 0 0 0 0 0 0 0 0 0 0 0 0 0 0 0 0 0 0 0 0 0 0 0 
