-1.0000000000000000199e+30 -1.0000000000000000199e+30 0 0 0 0 0 0 0 0 0 0 0 0 0 0 0 0 0 0 0 0 0 0 0 0 0 0 0 0 0 0 0 
-1.0000000000000000199e+30 -1.0000000000000000199e+30 0 0 0 0 0 0 0 0 0 0 0 0 0 0 0 0 0 0 0 0 0 0 0 0 0 0 0 0 0 0 0 
-1.0000000000000000199e+30 -1.0000000000000000199e+30 0 0 0 0 0 0 0 0 0 0 0 0 0 0 0 0 0 0 0 0 0 0 0 0 0 0 0 0 0 0 0 
1395.5826339558732343 1389.3136840644658605 0.0045708257426280611904 0.0089502485363401936697 0.77891469838157278982 0.46538060139041870222 0.98599404860065542611 0.014543784435941339156 2.3119198335520310117 0.36406976417188519068 0.82766116371064801793 0.84518224586536772058 0.80714197863584014048 0.00031092786518566466105 0.0028142522450862045291 0.0013177971568750096194 1.824147249777875901 0.0004695191224085253209 0.99816768434402869392 0.27767229451007124919 0.067262949201438007596 0.013407132421905216049 2.7005142581291869952 0.96095386974056695717 -0.099843922153460398783 1.4366966227189399419 -1.9608999993650300109 -0.1976982259741499881 0.081289613135531998966 1.3484925210152789443 0.016334937005704947693 0.34223565305324399333 0.5 
-1.0000000000000000199e+30 -1.0000000000000000199e+30 0 0 0 0 0 0 0 0 0 0 0 0 0 0 0 0 0 0 0 0 0 0 0 0 0 0 0 0 0 0 0 
1192.0043004874298731 1190.1000929747224291 0.0048412050802499615246 0.008697173010879093516 0.26696716782304419358 0.61144359680065263341 0.63945482838517331281 0.63190716908153909959 3.7457835638378478293 0.39725430025992902738 0.84080225548555043158 0.94643784304071032487 0.19185785391258347587 0.0050648881931906154438 0.0056773816003456156754 0.0071311610295295884202 -0.62776902604541728881 0.56067586946031611195 0.52373749880168785076 0.80248919332296664297 0.0060303096678317952631 0.22650789836409340738 3.1379599647370470805 0.96095386974056695717 -0.099832969512399963308 1.4366966227189399419 -1.9608999993650300109 -0.1976982259741499881 0.02537048876416134538 2.3913304714451157906 -0.47336624952361811003 0.34223442418638994056 0.5 
-1.0000000000000000199e+30 -1.0000000000000000199e+30 0 0 0 0 0 0 0 0 0 0 0 0 0 0 0 0 0 0 0 0 0 0 0 0 0 0 0 0 0 0 0 
-96274.722935113924905 -96281.856634443160146 0.002758412365070419224 0.0037559276870758064558 0.15866275648154429256 0.51989967575014495171 0.76075815753725850588 0.54769194940024978902 2.9556734202240919629 0.59886822691794849849 0.94968375163884655166 0.86950317809853594486 0.58053718036279533532 0.0043915787397416153337 0.0076298794290451405625 0.0031324144402044406393 0.38336862338313432153 0.66752605163492262363 0.84413903462700545788 0.86797361494973301888 0.00037272262386977672143 0.0040920456103049219349 1.7716562191490083933 0.96095386974056695717 -0.099832969512399963308 1.4366966227189399419 -1.9608999993650300109 -0.1976982259741499881 -1.4765820641381750544 0.36148413283545921537 0.68437215591113331747 0.34223442418638994056 0.5 
-1.0000000000000000199e+30 -1.0000000000000000199e+30 0 0 0 0 0 0 0 0 0 0 0 0 0 0 0 0 0 0 0 0 0 0 0 0 0 0 0 0 0 0 0 
-1.0000000000000000199e+30 -1.0000000000000000199e+30 0 0 0 0 0 0 0 0 0 0 0 0 0 0 0 0 0 0 0 0 0 0 0 0 0 0 0 0 0 0 0 
-1.0000000000000000199e+30 -1.0000000000000000199e+30 0 0 0 0 0 0 0 0 0 0 0 0 0 0 0 0 0 0 0 0 0 0 0 0 0 0 0 0 0 0 0 
-700270.82839593733661 -700255.74163863284048 0.0024883537383053322412 0.00091991439835509541262 0.2090802194037864048 0.063097651703761178932 0.70377827114004509745 0.0010454263144681708118 3.9187715882850135962 0.30529667545751143498 0.86358174267240783717 0.0027187196531375246167 0.67401679362156907693 0.00018432357909835197108 0.06309384244408736131 0.0031213883921069273363 0.54512879605767949887 0.10240307962521910667 0.99216042365878820419 0.25084747583605349064 0.0021039335592649877245 0.002572893742471933469 2.3490335964597761631 0.96095386974056695717 -0.099832969512399963308 1.4366966227189399419 -1.9608999993650300109 -0.1976982259741499881 -2.5123190348788662085 0.82892087409907821982 -1.3737219040206252174 0.34223442418638994056 0.5 
-1.0000000000000000199e+30 -1.0000000000000000199e+30 0 0 0 0 0 0 0 0 0 0 0 0 0 0 0 0 0 0 0 0 0 0 0 0 0 0 0 0 0 0 0 
1501.3043791140883059 1494.4467786535089999 0.0057774414051864507111 0.0099278377322923293258 0.94727444928297610538 0.056168942156956877532 0.94430364630305096973 0.18721437230807788654 2.695428145600589076 0.070129991490685841815 0.99951397612585790586 0.90348087145584776714 0.85954669107439751752 0.0011559103783164970634 0.0036990328475821911657 0.001311918608402165478 -0.11733426236307067936 0.73407181914448704774 0.46905529020610153834 0.58574322432228009827 0.0030819993233610508063 0.0020688892970652942097 4.8452391134924130967 0.96095386974056695717 0.112675442801920489 1.4366966227189399419 -1.9608999993650300109 -0.1976982259741499881 -0.29497690272351279051 0.50933063157854763237 0.0033783750259735343888 0.34520817997053521164 0.5 
-1.0000000000000000199e+30 -1.0000000000000000199e+30 0 0 0 0 0 0 0 0 0 0 0 0 0 0 0 0 0 0 0 0 0 0 0 0 0 0 0 0 0 0 0 
1515.5647735255242878 1502.0357050434527082 0.0046589310133561536928 0.0092634835717872662797 0.75293380715402891123 0.015202625821825108826 0.038064204808408580449 0.00867986676537476666 2.0938549573791691572 0.34492982086131990238 0.015119972016769137046 0.91769173763066846927 0.86056879395957597279 0.0014730725049219592446 0.026366035460783948663 0.0010989855781833243742 0.11111689380779087022 5.3026009328634139833e-10 0.14238342420266353328 0.63641597511110581387 0.0015612009011116258564 0.001395534768763082847 3.1563009587932255862 0.96095386974056695717 0.11267530538686830466 1.4366966227189399419 -1.9608999993650300109 -0.1976982259741499881 -0.20620764146565603858 0.0037423217805106741632 -0.043355385104574983846 0.34520816909764118208 0.5 
-1.0000000000000000199e+30 -1.0000000000000000199e+30 0 0 0 0 0 0 0 0 0 0 0 0 0 0 0 0 0 0 0 0 0 0 0 0 0 0 0 0 0 0 0 
-39044.991217742172012 -39048.767567940289155 0.0057372435125487520821 0.010580590737401562515 0.48364885639885663027 0.041817095328027478751 0.94042549032380917673 0.0042021773290984417229 2.6266163973700398238 0.40519547540565142851 0.72374742208920228581 0.26092878645327910458 0.89856298554911928633 0.00041060497625865070327 0.050055235886454135796 0.001093440486306270637 -0.19290517537152931937 0.027247040532529354095 0.79303885996341705322 0.57761060912162065506 0.0067140444414690138644 0.0024560913257300853556 1.0799057565163820982 0.96095386974056695717 0.11267530538686830466 1.4366966227189399419 -1.9608999993650300109 -0.1976982259741499881 -0.27852008668633199129 0.35836352164569235113 -0.0056969606527767823259 0.34520816909764118208 0.5 
-1.0000000000000000199e+30 -1.0000000000000000199e+30 0 0 0 0 0 0 0 0 0 0 0 0 0 0 0 0 0 0 0 0 0 0 0 0 0 0 0 0 0 0 0 
-1.0000000000000000199e+30 -1.0000000000000000199e+30 0 0 0 0 0 0 0 0 0 0 0 0 0 0 0 0 0 0 0 0 0 0 0 0 0 0 0 0 0 0 0 
-1.0000000000000000199e+30 -1.0000000000000000199e+30 0 0 0 0 0 0 0 0 0 0 0 0 0 0 0 0 0 0 0 0 0 0 0 0 0 0 0 0 0 0 0 
-174714.97421265591402 -174708.10024616401643 7.2573904134239086705e-06 0.0045051052528233999361 0.56330435233646691806 0.41405500756111618399 0.74776579010988697416 0.17737235481952012828 2.6779450294748863293 0.83015417598698559853 0.76119680127498856592 0.81555961910184404662 0.82702808051286669233 0.0027627364680896625282 8.2518798299133772739e-05 0.0056107308887059772692 -0.024963953853587902282 0.0039696846900839372757 0.06419435579947070647 0.43851724539478686982 0.0025224166279332826089 0.0018863784594212586014 5.1078155862809060395 0.96095386974056695717 0.1126475436883267317 1.4366966227189399419 -1.9608999993650300109 -0.1976982259741499881 0.031580599016988286643 0.0074599289038453624884 -0.0082963983638028038214 0.34520898352673234921 0.5 
-1.0000000000000000199e+30 -1.0000000000000000199e+30 0 0 0 0 0 0 0 0 0 0 0 0 0 0 0 0 0 0 0 0 0 0 0 0 0 0 0 0 0 0 0 
1313.5259033604538672 1344.416585417863871 0.006203510777492810338 0.01398745735113154226 0.35974760514994336136 0.018874817762702042478 0.99866520853498830235 3.1044485108958391111e-05 1.8153887251516585 0.21715944097280825975 0.0076331098217545922252 0.55946763170427460388 0.97782106835941695611 0.0025676587361591865673 0.11594045645883484241 0.0011735423689348911756 0.69681552240307520485 0.43833089444276235325 0.18273362275923080156 0.86670062647649970256 2.1581172429416803915 0.88171881584512246111 1.1798129618298778265 0.96095386974056695717 0.11264684800453260427 1.4366966227189399419 -1.9608999993650300109 -0.1976982259741499881 -1.2285171963663441552 -1.920113743223038405 1.2969697526841452717 0.34521289466381266386 0.5 
-1.0000000000000000199e+30 -1.0000000000000000199e+30 0 0 0 0 0 0 0 0 0 0 0 0 0 0 0 0 0 0 0 0 0 0 0 0 0 0 0 0 0 0 0 
-1.0000000000000000199e+30 -1.0000000000000000199e+30 0 0 0 0 0 0 0 0 0 0 0 0 0 0 0 0 0 0 0 0 0 0 0 0 0 0 0 0 0 0 0 
-1.0000000000000000199e+30 -1.0000000000000000199e+30 0 0 0 0 0 0 0 0 0 0 0 0 0 0 0 0 0 0 0 0 0 0 0 0 0 0 0 0 0 0 0 
1396.531659330993989 1391.4680822864365837 0.0046715453555674401123 0.0073960585149820462156 0.88679645340887147675 0.893595950309530207 0.82739014008689515389 0.18692542578257992369 2.8769916337437719811 0.14510259153530583043 0.98144332447182258683 0.94212370405606482571 0.75728959780929905321 0.0012872178092465640792 0.0014306672563211932699 0.0016372494628562092155 -0.63235425362966779517 0.30567337679220590863 0.12901057169671695246 0.66468489067873626208 0.58997896315539033463 0.018783864264075224304 4.3026069354262013178 0.96095386974056695717 0.11356114415525579708 1.4366966227189399419 -1.9608999993650300109 -0.1976982259741499881 0.63386313300873220467 0.31676603482981313675 0.029323785166881635028 0.34493557747325082063 0.5 
-1.0000000000000000199e+30 -1.0000000000000000199e+30 0 0 0 0 0 0 0 0 0 0 0 0 0 0 0 0 0 0 0 0 0 0 0 0 0 0 0 0 0 0 0 
1476.8101716153039433 1471.5118603325070126 0.0054019894311473724141 0.0087367223922909312273 0.74121372253227224558 0.032346065764576763246 0.98379164557330478491 0.079469872939746305507 2.8607308797940915746 0.0989897033931022019 0.99949418184391936038 0.89178697314314081535 0.89724528579096363146 0.00059162038627350792101 0.0064053006502913841652 0.0012152311418636917942 -0.33151955013065731448 0.54751279343015202272 0.98459930417300889349 0.69099752115528778607 0.0039628149030494627322 0.00016353613504632724413 3.1800450715876391605 0.96095386974056695717 0.13961026066378373622 1.4366966227189399419 -1.9608999993650300109 -0.1976982259741499881 1.173023272547475182 0.64358973895014348621 -0.072004128486945290222 0.69766127743175099241 0.5 
-1.0000000000000000199e+30 -1.0000000000000000199e+30 0 0 0 0 0 0 0 0 0 0 0 0 0 0 0 0 0 0 0 0 0 0 0 0 0 0 0 0 0 0 0 
-517570.13155907799955 -517575.10264480457408 0.004756986469665585443 0.0075040336495364829902 0.79966481198749150838 0.29143104835378841333 0.69229986031689794146 0.071559721424454977856 3.1123883329813235576 0.31098379422839012021 0.99125918756072983751 0.86736322479856919898 0.86584148971542218565 0.00049211063713590667227 0.0030641456736873202288 0.0011728338431565292661 2.1233234403340599528 0.67131117731332778931 0.4888803709764033556 0.01941990596242249012 0.0032956035458482800179 0.0065820059319958088007 1.1649895702721551061 0.96095386974056695717 0.13961026066378373622 1.4366966227189399419 -1.9608999993650300109 -0.1976982259741499881 -0.52678427286279583264 1.8910455984523719675 -1.4047113522577991951 0.69766127743175099241 0.5 
-1.0000000000000000199e+30 -1.0000000000000000199e+30 0 0 0 0 0 0 0 0 0 0 0 0 0 0 0 0 0 0 0 0 0 0 0 0 0 0 0 0 0 0 0 
1386.7338602370646186 1377.5734707817666731 0.0038698440267026529976 0.0069155369966704552734 0.79874644288718765761 0.13132779080485373902 0.72002594739792846745 0.070022498766740243203 2.2783297703381220067 0.21158511449921657555 0.99545552449664975736 0.82793165273065572052 0.83433230007840086806 0.00044087192684174296301 0.0057363688461674906122 0.0011756259868007676393 1.5549493462725081372 0.64382825233981177959 0.53511221328296831867 0.57535178625510574602 0.28923343988046323894 0.0019011264012484827349 2.5104083611926379938 0.96095386974056695717 0.13961026066378373622 1.4366966227189399419 -1.9608999993650300109 -0.1976982259741499881 1.2766406340538405395 0.29315070054577213599 -0.01985786428943631457 0.69766127743175099241 0.5 
-1.0000000000000000199e+30 -1.0000000000000000199e+30 0 0 0 0 0 0 0 0 0 0 0 0 0 0 0 0 0 0 0 0 0 0 0 0 0 0 0 0 0 0 0 
1444.78092334633061 1444.4818461912043404 0.005110654495625263985 0.0081609496478900738631 0.90767573180077731898 0.39296591664605567962 0.6520702817812262797 0.54766132935670219783 2.8950077454716756087 0.047798969843316600759 0.99920591086068266673 0.92717787096904624722 0.78510334695166583696 0.0038551366444706924169 0.0014419910279475972505 0.0015540045028053762165 -0.083518080965393551307 0.83153124123999022643 0.55870581458874524206 0.6954366829086395807 0.01213445656690305581 0.33483724981919299468 3.0121750406491747398 0.96095386974056695717 0.10944348746621235247 1.4366966227189399419 -1.9608999993650300109 -0.1976982259741499881 1.2656139153957879362 -0.28661339420448467274 -0.0033360022710634397274 0.76484782380376470368 0.5 
-1.0000000000000000199e+30 -1.0000000000000000199e+30 0 0 0 0 0 0 0 0 0 0 0 0 0 0 0 0 0 0 0 0 0 0 0 0 0 0 0 0 0 0 0 
1359.5014164588387757 1362.5735921958580548 0.0044731053397144395281 0.0070519360945140354552 0.88703063473012788709 0.16089401305019399024 0.86424250118084944283 0.15396354992564986741 2.7795646470623456281 0.1404143318705154686 0.99856776245668454894 0.92613667469467575444 0.84406563150257973849 0.00090031011763023289715 0.0025824822563693043513 0.0012642443318109889295 -0.8608948284367287096 0.85701130851961826451 0.38728630130977004242 0.65827118642154147654 4.4194522492538563796 0.022096405369776500605 3.7437994259219222748 0.96095386974056695717 0.10954387418175695612 1.4366966227189399419 -1.9608999993650300109 -0.1976982259741499881 0.46368535926025006288 0.41297561447589115069 0.019297547675047516114 0.7612190827079581279 0.5 
-1.0000000000000000199e+30 -1.0000000000000000199e+30 0 0 0 0 0 0 0 0 0 0 0 0 0 0 0 0 0 0 0 0 0 0 0 0 0 0 0 0 0 0 0 
-1.0000000000000000199e+30 -1.0000000000000000199e+30 0 0 0 0 0 0 0 0 0 0 0 0 0 0 0 0 0 0 0 0 0 0 0 0 0 0 0 0 0 0 0 
-1.0000000000000000199e+30 -1.0000000000000000199e+30 0 0 0 0 0 0 0 0 0 0 0 0 0 0 0 0 0 0 0 0 0 0 0 0 0 0 0 0 0 0 0 
-23646.645762243661011 -23658.07423095741251 0.0036728317970722195243 0.0058680569468137853267 0.28822526569583478695 0.62892931093087622862 0.84027960648276722733 0.53032889262423210663 2.952418000916685159 0.3366331510446248787 0.87135783504886543671 0.94423964319575726112 0.24643667855538428646 0.0041748642805918842816 0.0054441770249103469195 0.0041520963074905201107 -0.43313179944394486487 0.40591802028939127922 0.56827182718552649021 0.40615630871616303921 0.0044311503320932392122 0.0015994965285062790524 1.9479354509385302663 0.96095386974056695717 0.10954387418175695612 1.4366966227189399419 -1.9608999993650300109 -0.1976982259741499881 -1.4453852344665527596 1.1275124974522630072 0.92772786659725903213 0.7612190827079581279 0.5 
-1.0000000000000000199e+30 -1.0000000000000000199e+30 0 0 0 0 0 0 0 0 0 0 0 0 0 0 0 0 0 0 0 0 0 0 0 0 0 0 0 0 0 0 0 
1459.5769929255993702 1452.6517491528229584 0.0046184066915742295542 0.0073392524185832957312 0.77016122856973701083 0.59577920816566543039 0.93788693268925016344 0.05245298438686630399 2.7775907421608407866 0.1011337344278705197 0.99693751547657771805 0.94804380466460813626 0.83442420957761187505 0.0004651909762847486105 0.0014903923597087166946 0.0012671785520888545484 0.6584545650847212217 0.23777787646706458058 0.99323423067223637339 0.49398072002481946408 0.00018850244305064771562 0.0024463822422545952739 2.1671825583611457056 0.96095386974056695717 0.15975316335580319604 1.4366966227189399419 -1.9608999993650300109 -0.1976982259741499881 0.3331069513246383007 -0.92790617754155302332 -0.16794529004522087967 0.99440643110604254318 0.5 
-1.0000000000000000199e+30 -1.0000000000000000199e+30 0 0 0 0 0 0 0 0 0 0 0 0 0 0 0 0 0 0 0 0 0 0 0 0 0 0 0 0 0 0 0 
-382653.76667881361209 -382643.02320729696658 0.0037878141420788899105 0.0051249988462431922409 0.023479234971442459329 0.1116333278561489617 0.78593896074267843854 0.13497763596369821704 3.9354328857299423206 0.28235540042664064586 0.93063986015059829704 0.92893401695672062068 0.90630211342855826473 0.005997486595343506921 0.069479546305698497433 0.0013251266865990966263 -0.61810951912860279123 0.3478204475250095129 0.11108894413337111473 0.7453366527333855629 0.0053088361187838021757 0.0063545993692241606321 1.4036890532588586211 0.96095386974056695717 0.15975316335580319604 1.4366966227189399419 -1.9608999993650300109 -0.1976982259741499881 -0.69485187317306373878 1.7428562371497908767 3.107136070122481275 0.99440643110604254318 0.5 
-1.0000000000000000199e+30 -1.0000000000000000199e+30 0 0 0 0 0 0 0 0 0 0 0 0 0 0 0 0 0 0 0 0 0 0 0 0 0 0 0 0 0 0 0 
1477.0223648543362742 1468.6445816830014337 0.0049578701775847494951 0.007527445739421869883 0.81052792657828298672 0.17049780304626321881 0.74660021300122769716 0.15212296522295987167 2.9879223817918285633 0.074971891867446543989 0.99879954924107472447 0.92286611293859655003 0.85742856196523642431 0.0011557799732541357111 0.0023222888266630449181 0.0012712643862954054168 0.11259925074856409755 0.096588020409663855048 0.531395436640999419 0.50222551246814062242 0.0044117201590876111914 0.00012646273503656940782 2.0464737867096589596 0.96095386974056695717 0.16723734974842649481 1.4366966227189399419 -1.9608999993650300109 -0.1976982259741499881 -0.17584209624901156466 0.24639006236624580448 -0.12589138050689391291 0.99820024598284384787 0.5 
-1.0000000000000000199e+30 -1.0000000000000000199e+30 0 0 0 0 0 0 0 0 0 0 0 0 0 0 0 0 0 0 0 0 0 0 0 0 0 0 0 0 0 0 0 
1535.4595473028875858 1525.6407516932390536 0.0052062849259465106971 0.008897473739974830903 0.69195154106742318145 0.18497516738669805836 0.97691281993715950449 0.045225419471378758285 2.5489691443871955734 0.1414753780158896912 0.99818010172415538861 0.90072548299686616691 0.86096874596077388464 0.00032683609070720048492 0.002917381063773942431 0.0011797080612822811313 -0.019718474027792295966 0.14425789502601432668 0.85674974406962078888 0.55731610981609081001 0.00016440340029378119955 0.012889097919782783325 2.7244720619605997669 0.96095386974056695717 0.065594608295235293238 1.4366966227189399419 -1.9608999993650300109 -0.1976982259741499881 -0.017663136705375566404 0.017132249940861748322 -0.011892169750851801918 0.97097051978599613342 0.5 
