-1.0000000000000000199e+30 -1.0000000000000000199e+30 0 0 0 0 0 0 0 0 0 0 0 0 0 0 0 0 0 0 0 0 0 0 0 0 0 0 0 0 0 0 0 
1447.5282129855745552 1436.7202110530938626 0.0052476254562235221876 0.0092277085517500530287 0.90056473789849089684 0.79725645996999394693 0.90117565802013432918 0.11435055556006189226 3.0925249910078633775 0.23001368873484606681 0.97935313690601877301 0.91920042336765916957 0.75438115838406760716 0.00070883494636069942392 0.0016064165125106231839 0.0015782969203313416007 -0.042924646176689791599 0.98444672594074400518 0.38076558894890960572 0.54894836271284741525 0.00010383749551368232056 0.040161413542121771059 3.9266377776609964201 0.96095386974056695717 -0.099843922153460398783 1.4366966227189399419 -1.9608999993650300109 -0.1976982259741499881 0.067919742808892485941 -0.054311175564430248797 0.0066346371518440118431 0.34223565305324399333 0.5 
-1.0000000000000000199e+30 -1.0000000000000000199e+30 0 0 0 0 0 0 0 0 0 0 0 0 0 0 0 0 0 0 0 0 0 0 0 0 0 0 0 0 0 0 0 
1426.1295602865372985 1407.0050640529668726 0.0081346702689363541844 0.012322851421426594259 0.5345179901450254345 0.88203224377663003164 0.76274498899273279751 0.0054695067670610412677 1.4708928453862408769 0.57403049578430143107 0.76221052287572188533 0.67453523532215275971 0.89331300941243629854 0.00036871376076599637417 0.0033232338701398387443 0.0012410606601070339142 0.012881724094636403527 0.47749734056996895326 8.4495889155214445811e-06 0.58274136603031312376 0.0029365324595402616907 0.00014312109779622680591 3.8382481740323490804 0.96095386974056695717 -0.099843999933334759422 1.4366966227189399419 -1.9608999993650300109 -0.1976982259741499881 0.028386139448914705224 -0.1073339514570256642 0.0013013303080377095541 0.34223565287532786705 0.5 
-1.0000000000000000199e+30 -1.0000000000000000199e+30 0 0 0 0 0 0 0 0 0 0 0 0 0 0 0 0 0 0 0 0 0 0 0 0 0 0 0 0 0 0 0 
1366.644893313117791 1366.6025522459046897 0.0046671421907879652793 0.0082760469605634798956 0.77898186518614409568 0.28829193783865303402 0.57464303683721174032 0.00073067880309301603842 3.6081285868975303543 0.82122178303463233551 0.66766942247653437992 0.90759952714743141744 0.92323549778232694152 0.00035390304318017891784 0.0031809602749076713174 0.001295809636526121288 0.71301989505683727177 0.19746170632806017697 0.99145772071549742588 0.26298751900236039258 0.04476998446910469831 1.7853094502201298196e-05 3.2781047736079220734 0.96095386974056695717 -0.099843999933334759422 1.4366966227189399419 -1.9608999993650300109 -0.1976982259741499881 -1.4563861129659507743 0.21809581476069619943 -0.35433689408086005423 0.34223565287532786705 0.5 
-1.0000000000000000199e+30 -1.0000000000000000199e+30 0 0 0 0 0 0 0 0 0 0 0 0 0 0 0 0 0 0 0 0 0 0 0 0 0 0 0 0 0 0 0 
1552.2191372877957747 1535.0881595861528695 0.0046324538209034883326 0.0069842809524597506549 0.81149168344640443262 0.4164867430627435807 0.88510339065616738807 0.0518270118857157569 3.1224457000890941671 0.20777638336645765094 0.98479541416815863375 0.91894520054296424671 0.84392418856588524712 0.0003986486281559974143 0.0023590960057896541088 0.0013110699032693243476 -0.010572050004773436357 0.9018303233068458713 0.77682355367634414733 0.61234139903198947508 0.0004364139969856854393 0.00016231719911927926323 3.5670489938017015952 0.96095386974056695717 -0.013126742916263185387 1.4366966227189399419 -1.9608999993650300109 -0.1976982259741499881 0.010015651015137908703 -0.0021918611515343443437 0.0033945746649069112426 0.34210546740864400395 0.5 
-1.0000000000000000199e+30 -1.0000000000000000199e+30 0 0 0 0 0 0 0 0 0 0 0 0 0 0 0 0 0 0 0 0 0 0 0 0 0 0 0 0 0 0 0 
-1.0000000000000000199e+30 -1.0000000000000000199e+30 0 0 0 0 0 0 0 0 0 0 0 0 0 0 0 0 0 0 0 0 0 0 0 0 0 0 0 0 0 0 0 
-1.0000000000000000199e+30 -1.0000000000000000199e+30 0 0 0 0 0 0 0 0 0 0 0 0 0 0 0 0 0 0 0 0 0 0 0 0 0 0 0 0 0 0 0 
-1.0000000000000000199e+30 -1.0000000000000000199e+30 0 0 0 0 0 0 0 0 0 0 0 0 0 0 0 0 0 0 0 0 0 0 0 0 0 0 0 0 0 0 0 
-1.0000000000000000199e+30 -1.0000000000000000199e+30 0 0 0 0 0 0 0 0 0 0 0 0 0 0 0 0 0 0 0 0 0 0 0 0 0 0 0 0 0 0 0 
-1.0000000000000000199e+30 -1.0000000000000000199e+30 0 0 0 0 0 0 0 0 0 0 0 0 0 0 0 0 0 0 0 0 0 0 0 0 0 0 0 0 0 0 0 
-1.0000000000000000199e+30 -1.0000000000000000199e+30 0 0 0 0 0 0 0 0 0 0 0 0 0 0 0 0 0 0 0 0 0 0 0 0 0 0 0 0 0 0 0 
-1.0000000000000000199e+30 -1.0000000000000000199e+30 0 0 0 0 0 0 0 0 0 0 0 0 0 0 0 0 0 0 0 0 0 0 0 0 0 0 0 0 0 0 0 
-1.0000000000000000199e+30 -1.0000000000000000199e+30 0 0 0 0 0 0 0 0 0 0 0 0 0 0 0 0 0 0 0 0 0 0 0 0 0 0 0 0 0 0 0 
1205.0160202152096645 1190.4245367061173511 0.005483849138061093649 0.010125125144504511232 0.80101322193883706113 0.35362125709362718373 0.76425891693678449368 0.073362267860670113406 3.0432570097223408112 0.28842689315990033272 0.99371613997259788942 0.89815032046644849295 0.84377609535151854026 0.00049449100921326015218 0.002442324760521716407 0.0012570179335272858856 -0.070242939020151773377 0.47539876368996769607 0.53074143408416674106 0.38415493739681078056 0.00011619030332868807848 0.01092681854822411848 2.133488874031587379 0.96095386974056695717 -0.013126742916263185387 1.4366966227189399419 -1.9608999993650300109 -0.1976982259741499881 0.3478903244982064491 -0.60821943230202568653 -0.059023302921928269549 0.34210546740864400395 0.5 
-1.0000000000000000199e+30 -1.0000000000000000199e+30 0 0 0 0 0 0 0 0 0 0 0 0 0 0 0 0 0 0 0 0 0 0 0 0 0 0 0 0 0 0 0 
1544.965035557099327 1528.3579372375172625 0.0075375823030211525771 0.016208275637358313115 0.50457551663209643245 0.88597046407992008366 0.98883142454894334961 0.0071795209329551558375 1.5886807451565492233 0.31837260658798294255 0.74392003542473161826 0.90526943695217421126 0.83922148843177690747 0.00042548142106787817038 0.0022659065186700108434 0.0011787804897009366342 0.002475432109242683542 0.21925078737222686298 0.51652267620026415251 0.55736678085240420888 0.0008947883304984912984 0.00017294042916052567382 3.6967814831299619094 0.96095386974056695717 0.0084991665807253504589 1.4366966227189399419 -1.9608999993650300109 -0.1976982259741499881 -0.038043671051070419853 -0.0051551491941691247184 0.0036430821293872233356 0.34116277503653669179 0.5 
-1.0000000000000000199e+30 -1.0000000000000000199e+30 0 0 0 0 0 0 0 0 0 0 0 0 0 0 0 0 0 0 0 0 0 0 0 0 0 0 0 0 0 0 0 
-1.0000000000000000199e+30 -1.0000000000000000199e+30 0 0 0 0 0 0 0 0 0 0 0 0 0 0 0 0 0 0 0 0 0 0 0 0 0 0 0 0 0 0 0 
-1.0000000000000000199e+30 -1.0000000000000000199e+30 0 0 0 0 0 0 0 0 0 0 0 0 0 0 0 0 0 0 0 0 0 0 0 0 0 0 0 0 0 0 0 
-441138.26450316241244 -441146.5064363158308 0.004977385001961724155 0.0083806870931077449838 0.84875135482107566531 0.1295186225018412074 0.86367502671022577942 0.087791143841680144289 2.8932047678760888232 0.24821886886669775052 0.99686741605905027086 0.89266721590436126643 0.8581097097872325552 0.00050295833801725651005 0.0034985917392023812775 0.0012423322171982434034 -0.091300892719590409641 0.79034237773157656193 0.59750810684636235237 0.60633148881606757641 0.0065805891179479660338 0.0022590591153129934224 1.562979768612422049 0.96095386974056695717 0.0084991665807253504589 1.4366966227189399419 -1.9608999993650300109 -0.1976982259741499881 -0.014638462851336108903 0.068604200046850208339 0.61742368837974992424 0.34116277503653669179 0.5 
-1.0000000000000000199e+30 -1.0000000000000000199e+30 0 0 0 0 0 0 0 0 0 0 0 0 0 0 0 0 0 0 0 0 0 0 0 0 0 0 0 0 0 0 0 
-1.0000000000000000199e+30 -1.0000000000000000199e+30 0 0 0 0 0 0 0 0 0 0 0 0 0 0 0 0 0 0 0 0 0 0 0 0 0 0 0 0 0 0 0 
-1.0000000000000000199e+30 -1.0000000000000000199e+30 0 0 0 0 0 0 0 0 0 0 0 0 0 0 0 0 0 0 0 0 0 0 0 0 0 0 0 0 0 0 0 
1418.6976837722822893 1411.3915438740675654 0.0056732806947180575499 0.010930228936397116263 0.87259678420557751366 0.57845496034745746972 0.87984324302047267619 0.083450157865622501263 2.3248799989223276619 0.20211961074458653642 0.99098686190358498127 0.92075976237096268662 0.79369643762608399484 0.00056814697973758267972 0.001913750886248936087 0.0012618355667024922211 -0.19563727359730845312 0.81491695286279752786 0.91009613011487289214 0.81068844604411616217 0.00014010753509240223696 0.064933022653479430253 3.2338583372231322066 0.96095386974056695717 0.0085436370891968805436 1.4366966227189399419 -1.9608999993650300109 -0.1976982259741499881 -1.0999267688771052764 -1.0521188089194293269 -0.16065034005739123324 0.34126006005525644227 0.5 
-1.0000000000000000199e+30 -1.0000000000000000199e+30 0 0 0 0 0 0 0 0 0 0 0 0 0 0 0 0 0 0 0 0 0 0 0 0 0 0 0 0 0 0 0 
1348.7517355956106258 1345.3977755610696931 0.0053110254356557307087 0.0097416057570711422908 0.97579857651251156181 0.67776630122910641596 0.86335835682333261776 0.07187682520651983431 3.8396861539628521776 0.34886523026091303956 0.97746838452414186449 0.9188967296045009725 0.87503252310103518674 0.00044651052833354998393 0.00200056428272699224 0.0012426372543173015879 -0.40813560079479854759 0.85386822396590722484 0.98950511077335112642 0.40008704849502663148 0.040224282339621490745 0.0001263249648480308223 8.7472794760261418645 0.96095386974056695717 0.0085436370891968805436 1.4366966227189399419 -1.9608999993650300109 -0.1976982259741499881 0.0059036525140410949647 0.0027062504473611623257 0.0022790004348797032047 0.34126006005525644227 0.5 
-1.0000000000000000199e+30 -1.0000000000000000199e+30 0 0 0 0 0 0 0 0 0 0 0 0 0 0 0 0 0 0 0 0 0 0 0 0 0 0 0 0 0 0 0 
1459.1324952808843136 1457.5257334368411648 0.0054352791481417838879 0.0089691318552331655151 0.77494237281370914605 0.58748575979695560889 0.85203693993480811297 0.093230886273158300459 3.7920956789850879254 0.22485266480829366187 0.95234509098938202598 0.93053883143039894943 0.85971046272697182467 0.0007454138033522531015 0.001997522832951816301 0.00139068535974225054 -0.1424757101914412849 5.4795168367472436269e-05 0.83943979494799758623 0.61941866395632394493 0.14056219549067283658 0.13354211829797360545 3.3369251048505002011 0.96095386974056695717 0.0052135521711640930853 1.4366966227189399419 -1.9608999993650300109 -0.1976982259741499881 -0.046032211202406914108 0.047880199038284776414 0.0028002168671181918227 0.34106785455099714044 0.5 
-1.0000000000000000199e+30 -1.0000000000000000199e+30 0 0 0 0 0 0 0 0 0 0 0 0 0 0 0 0 0 0 0 0 0 0 0 0 0 0 0 0 0 0 0 
-1.0000000000000000199e+30 -1.0000000000000000199e+30 0 0 0 0 0 0 0 0 0 0 0 0 0 0 0 0 0 0 0 0 0 0 0 0 0 0 0 0 0 0 0 
-1.0000000000000000199e+30 -1.0000000000000000199e+30 0 0 0 0 0 0 0 0 0 0 0 0 0 0 0 0 0 0 0 0 0 0 0 0 0 0 0 0 0 0 0 
603.96848437769358497 616.49148794728466783 0.0030017298380760216309 0.005778657043787739471 0.43103961500460663547 0.0024618391571579866656 0.99019201622113628414 0.48177219717133401566 2.7284937978496022204 0.48057755331704382629 0.015159612877768130143 0.2577539249301575297 0.99462439416488990229 16.575993476612822519 1.0478983716687040317 0.0014493176145027244096 -0.0033815552918584684469 0.41423129940423619733 0.50697958604065029853 0.62176716092018524673 0.12190154807829640948 0.00048143863608973735436 2.6514284334551123656 0.96095386974056695717 0.025023392258907477259 1.4366966227189399419 -1.9608999993650300109 -0.1976982259741499881 1.644298235244170403 -0.061549444751623445804 0.25646293385073393178 0.33870679588039431795 0.5 
-1.0000000000000000199e+30 -1.0000000000000000199e+30 0 0 0 0 0 0 0 0 0 0 0 0 0 0 0 0 0 0 0 0 0 0 0 0 0 0 0 0 0 0 0 
-1.0000000000000000199e+30 -1.0000000000000000199e+30 0 0 0 0 0 0 0 0 0 0 0 0 0 0 0 0 0 0 0 0 0 0 0 0 0 0 0 0 0 0 0 
-1.0000000000000000199e+30 -1.0000000000000000199e+30 0 0 0 0 0 0 0 0 0 0 0 0 0 0 0 0 0 0 0 0 0 0 0 0 0 0 0 0 0 0 0 
1367.0047904639250191 1371.5863344900224092 0.0051923204389104698694 0.0085911357446406613758 0.70959741509940132964 0.16628700826900952303 0.96133722582025549208 0.058176158774831399079 2.6231259176576662284 0.092172325781724157023 0.99412704626656289708 0.88494102584589018345 0.84680699772306022854 0.00048420664100110353363 0.0029524931482242011867 0.001321000572872019262 -1.1536103995482185347 0.065293045907475144585 0.33399262323495093607 0.57261179228680647579 3.9593249621538273431 0.29400777735779837219 4.3015666299631885039 0.96095386974056695717 0.040234331251821187081 1.4366966227189399419 -1.9608999993650300109 -0.1976982259741499881 2.0403162546318234227 0.41415348875525148653 -0.4302735573515454881 0.33829607858750809779 0.5 
-1.0000000000000000199e+30 -1.0000000000000000199e+30 0 0 0 0 0 0 0 0 0 0 0 0 0 0 0 0 0 0 0 0 0 0 0 0 0 0 0 0 0 0 0 
-21279.293664661356161 -21216.740035435912432 3.3019774551222222381e-05 5.7685290972466635173e-05 0.99989296899038215827 0.21127140133607746897 0.7950761088900316631 0.31296867631304869928 3.8797360580485968917 0.47471025375245079481 0.96664724557799053262 0.87003778275563747879 0.19679794434436517769 8.510986575856805444e-05 0.0077227847049084249326 0.050420354554432104954 0.83883150008608553527 0.41270097787641385478 0.7055974428882345606 0.80668767260547014075 0.038231528647992639447 1.1910345178587575798 4.162990304291213306 0.96095386974056695717 0.040234768032723938758 1.4366966227189399419 -1.9608999993650300109 -0.1976982259741499881 0.075729167086280677057 0.62306030471238826873 -0.04087187053667823422 0.33829604372858979033 0.5 
-1.0000000000000000199e+30 -1.0000000000000000199e+30 0 0 0 0 0 0 0 0 0 0 0 0 0 0 0 0 0 0 0 0 0 0 0 0 0 0 0 0 0 0 0 
-37477.919579700450413 -37484.924238505285757 0.0061132880404579448622 0.011690476979487836318 0.5397995557810593148 0.042615272948251507745 0.76612565885740036009 0.0022190632720257225455 1.7467078010771019958 0.63618626346336559774 0.56858994996377276721 0.56195939339647382749 0.9270441684162873397 0.00051483116421683391539 0.0335604432395049182 0.001112487491514921106 -0.38102829504258262094 0.4970404747873544693 0.097281167516484856606 0.71527361427433788776 0.0010497293155640363867 0.0043663650075905025352 1.864420458790846169 0.96095386974056695717 0.040234768032723938758 1.4366966227189399419 -1.9608999993650300109 -0.1976982259741499881 -1.7253693552194111493 1.2937031190573657913 -0.95727526939811913298 0.33829604372858979033 0.5 
-1.0000000000000000199e+30 -1.0000000000000000199e+30 0 0 0 0 0 0 0 0 0 0 0 0 0 0 0 0 0 0 0 0 0 0 0 0 0 0 0 0 0 0 0 
1448.4279675100535769 1435.1736062319441771 0.0049541916570831475916 0.0086471278981645992301 0.65725383878471776988 0.10696918462532507832 0.072767618667083228123 0.0098700140653236647509 2.9532725558259493859 0.75107735423654120588 0.00088251058767269162982 0.9756157898675668072 0.94949788093571541037 0.0013772672511704710848 0.0040588812741415057975 0.0011391220877538061826 0.51134664094233994724 0.032230148300680903917 0.73857144261561291643 0.5111155063385720565 0.0036455563333917420481 0.00055580051456577265253 2.2653776282199147296 0.96095386974056695717 0.041883526782516999898 1.4366966227189399419 -1.9608999993650300109 -0.1976982259741499881 -0.74472691108875421762 0.79878433249940594685 -0.018217716486494579115 0.33707454827038735301 0.5 
-1.0000000000000000199e+30 -1.0000000000000000199e+30 0 0 0 0 0 0 0 0 0 0 0 0 0 0 0 0 0 0 0 0 0 0 0 0 0 0 0 0 0 0 0 
1405.6210751474127392 1408.8184679135933948 0.0053605860592850600177 0.0089234820033162812192 0.83783100428370238522 0.24872096235129445563 0.90773860988255372639 0.088880307498577476588 3.5687480652171856832 0.27313206284707230997 0.99734815655591035899 0.90771430103298977876 0.8563436433995997854 0.00054923105432316756021 0.0026985085182500024442 0.0013486795648038805116 -0.16347318057415119452 0.34466951459266614854 0.34843578559056742616 0.54506231067978538896 1.0212957706805463095e-05 0.27346395154978231368 3.4449030655209829099 0.96095386974056695717 0.041883534852842241314 1.4366966227189399419 -1.9608999993650300109 -0.1976982259741499881 0.10751188328080185652 1.4506576605895948884 -0.31356773282992378427 0.3370745480333579569 0.5 
-1.0000000000000000199e+30 -1.0000000000000000199e+30 0 0 0 0 0 0 0 0 0 0 0 0 0 0 0 0 0 0 0 0 0 0 0 0 0 0 0 0 0 0 0 
-383.62870501605681284 -388.18656796130767361 0.0045716042809985351497 0.0082784218419901852565 0.52713807744719831661 0.99162549582188941333 0.8698722055253361729 0.0023444461892159953326 2.186039288192555663 0.36759182334379936208 0.61378858293872340379 0.81203135595399034141 0.81272645597119830274 0.00055206235500927433851 0.0025276801347018651445 0.0012019329562349481688 -1.1536207182539075511 7.2767492435148759065e-06 0.97831856209103218447 0.53473419261773125211 0.0022472532253838958458 0.26175212418835047679 3.8822285619837675341 0.96095386974056695717 0.041883534852842241314 1.4366966227189399419 -1.9608999993650300109 -0.1976982259741499881 -0.21497627153909623643 0.0076724889350221784842 -0.0865131024817982347 0.3370745480333579569 0.5 
