-1.0000000000000000199e+30 -1.0000000000000000199e+30 0 0 0 0 0 0 0 0 0 0 0 0 0 0 0 0 0 0 0 0 0 0 0 0 0 0 0 0 0 0 0 
1427.1151272369791059 1422.1713089756299269 0.0055439522275355732767 0.0093971696673627105878 0.62351748428332554042 0.1306240641183959994 0.24969741982060081331 0.010714172480056158993 4.0999277617147029673 0.79696216125981700351 0.62069930305407672311 0.955654488208984354 0.95116419445089461782 0.0011495599500862358974 0.005654271501141710371 0.0012136900583150376023 -0.65977337084929243982 0.84003617735327362759 0.50270374034984921519 0.60599850721544568088 0.0029672745736879957597 0.00016450493795556328448 2.7644814280196938761 0.96095386974056695717 -0.060681819727234034834 1.4366966227189399419 -1.9608999993650300109 -0.1976982259741499881 0.95728748192818569063 -2.0448887968565774287 0.051021073983119114015 0.3411372705608364253 0.5 
-1.0000000000000000199e+30 -1.0000000000000000199e+30 0 0 0 0 0 0 0 0 0 0 0 0 0 0 0 0 0 0 0 0 0 0 0 0 0 0 0 0 0 0 0 
-1.0000000000000000199e+30 -1.0000000000000000199e+30 0 0 0 0 0 0 0 0 0 0 0 0 0 0 0 0 0 0 0 0 0 0 0 0 0 0 0 0 0 0 0 
-1.0000000000000000199e+30 -1.0000000000000000199e+30 0 0 0 0 0 0 0 0 0 0 0 0 0 0 0 0 0 0 0 0 0 0 0 0 0 0 0 0 0 0 0 
1492.1949699900508222 1483.355409535838362 0.0045858185136668297432 0.0073314296200516684138 0.7720986698797057679 0.023153922146296256751 0.89012649213737593534 0.097286668449233879019 2.7330656338734575783 0.08250819818142691997 0.99956270688621218223 0.85948759966852938952 0.8763999494833559778 0.00072534615459577181634 0.010405423342973518092 0.0012738856848940661483 -0.10159503904421399167 0.77955898898471098768 0.27560758536883983583 0.60727475842339750933 0.0037349660251762323467 0.0001707898298782364909 3.3283881690945458232 0.96095386974056695717 -0.036329725284356143011 1.4366966227189399419 -1.9608999993650300109 -0.1976982259741499881 0.2458541690598674001 -0.45327910415676259115 0.010883134445385482872 0.3403040178055033449 0.5 
-1.0000000000000000199e+30 -1.0000000000000000199e+30 0 0 0 0 0 0 0 0 0 0 0 0 0 0 0 0 0 0 0 0 0 0 0 0 0 0 0 0 0 0 0 
-6137066383.6578683853 -6137066393.6215019226 0.0049158534045999329604 0.0086190639571809227887 0.85003922366598583249 0.23033950959194779418 0.90267870251606918686 0.084911301181120779624 2.5044751356786951746 0.19120740473646127833 0.99554031323323333158 0.90047191761889566752 0.82918720268654977357 0.00049208569021297408463 0.0024190737518827677352 0.001244936471901010545 -0.75738313891763231478 0.22760442481376230717 0.52024183934554457664 0.10889799008145928383 0.0082971400488167992848 0.0066452573169954124582 2.4931361873168498278 0.96095386974056695717 -0.036329725284356143011 1.4366966227189399419 -1.9608999993650300109 -0.1976982259741499881 -0.49404673377346380869 2.3064206258319983611 -0.53899217251268294326 0.3403040178055033449 0.5 
-1.0000000000000000199e+30 -1.0000000000000000199e+30 0 0 0 0 0 0 0 0 0 0 0 0 0 0 0 0 0 0 0 0 0 0 0 0 0 0 0 0 0 0 0 
1411.8941294650790041 1413.2822591159279 0.0049981925119299197222 0.0091373846869095588785 0.63439149150383800091 0.24573781442244213569 0.18367438995791501855 0.042046738142771308833 3.3297138017548997269 0.25997342076529800226 0.60956689545002218367 0.93997977662231269047 0.9161484130431186701 0.0014925877576270234811 0.0033592219571533352314 0.0012193534177111328871 0.51925137242593188969 0.60586374600013737091 0.94098051242684765949 0.54610491261164817445 2.1757520989578584825 0.059397367746151348566 3.4828640950919340646 0.96095386974056695717 -0.0056993624927722686541 1.4366966227189399419 -1.9608999993650300109 -0.1976982259741499881 -0.0039090748344530416164 -0.59681971985968840233 0.0022603123517641234702 0.62532911855598172224 0.5 
-1.0000000000000000199e+30 -1.0000000000000000199e+30 0 0 0 0 0 0 0 0 0 0 0 0 0 0 0 0 0 0 0 0 0 0 0 0 0 0 0 0 0 0 0 
-5853.6719228078072774 -5866.523495967978306 0.0055376640131640118489 0.0093343553067410395957 0.82534153178439995102 0.20002020459750194381 0.90809155572316779814 0.095563078234573398118 3.4626056154700588507 0.26007215232543046124 0.9968824216635924218 0.90709874560017200729 0.87911708357861695351 0.00057705290647370392331 0.0026314817919920394096 0.0012508594548087715887 -0.011271711849053357365 0.00017940912237468439059 0.42075538274698692787 0.64376553081276610691 0.001136265501997982914 0.0019779146071499963989 4.2353579405818155834 0.96095386974056695717 -0.0056993624927722686541 1.4366966227189399419 -1.9608999993650300109 -0.1976982259741499881 1.3146032579536766072 -0.57938707785260556982 -0.15982030879817341051 0.62532911855598172224 0.5 
-1.0000000000000000199e+30 -1.0000000000000000199e+30 0 0 0 0 0 0 0 0 0 0 0 0 0 0 0 0 0 0 0 0 0 0 0 0 0 0 0 0 0 0 0 
1469.6789031572996009 1466.394381059190664 0.0051563752489326118711 0.0091321028004396100075 0.64357441082978694702 0.045176552342270616391 0.89520399680958784305 0.042801333525233874189 3.6026996048669035488 0.033399114559487366738 0.99952938826852699705 0.91850685588324332276 0.93574376276253845575 0.00046053482360496555102 0.0043336026006925657678 0.0012107809267823345292 -0.038621914369476227635 0.056483874196999406259 0.56096651675463615749 0.54106186162340075274 0.0043367942491918387571 0.00015735247721146937688 3.4150571923796251284 0.96095386974056695717 0.0018843006267466148873 1.4366966227189399419 -1.9608999993650300109 -0.1976982259741499881 -1.7050173294006363278 0.063621839515078285054 0.10997676832742044051 0.89351409019338079442 0.5 
-1.0000000000000000199e+30 -1.0000000000000000199e+30 0 0 0 0 0 0 0 0 0 0 0 0 0 0 0 0 0 0 0 0 0 0 0 0 0 0 0 0 0 0 0 
-1.0000000000000000199e+30 -1.0000000000000000199e+30 0 0 0 0 0 0 0 0 0 0 0 0 0 0 0 0 0 0 0 0 0 0 0 0 0 0 0 0 0 0 0 
-1.0000000000000000199e+30 -1.0000000000000000199e+30 0 0 0 0 0 0 0 0 0 0 0 0 0 0 0 0 0 0 0 0 0 0 0 0 0 0 0 0 0 0 0 
-13677.509459810728004 -13680.850996139288327 0.0052001250871141664611 0.008209652320659883637 0.81644610170559828166 0.28717174453629906727 0.90622351255667743519 0.094664001971988709361 3.4406390589819948467 0.26148646416780985113 0.99746645220810403742 0.92592701968319501837 0.88098781571264705992 0.00060240253504047669604 0.0021492205637519742195 0.0012389463661229799078 1.9952421854298156845 0.54596907948143780231 0.48469592118635773659 0.49492339813150465488 0.0067014474235475062283 0.0022491480573080479231 1.1845959282945841551 0.96095386974056695717 0.0018843006267466148873 1.4366966227189399419 -1.9608999993650300109 -0.1976982259741499881 0.24175060448011101433 -0.67382301923717669023 0.42134939821538253124 0.89351409019338079442 0.5 
-1.0000000000000000199e+30 -1.0000000000000000199e+30 0 0 0 0 0 0 0 0 0 0 0 0 0 0 0 0 0 0 0 0 0 0 0 0 0 0 0 0 0 0 0 
1390.0143073835690757 1380.9627569256031165 0.0050025047451126968684 0.0088595326866359042084 0.77364347744710204591 0.31072880024643145802 0.8340725902087218202 0.068074529668030542284 2.9230993985951991831 0.26221185794757179144 0.99369637618782769017 0.93807416912644203677 0.79351190609546629062 0.00043571848865644720664 0.0020941593102176562016 0.001373748385913254634 -0.59414927317625010339 0.2541864976763745787 0.077136846635581624021 0.33686646050256335849 0.30053413333863876478 0.00016973975766675493361 3.8676007950528044077 0.96095386974056695717 0.0018843006267466148873 1.4366966227189399419 -1.9608999993650300109 -0.1976982259741499881 -1.2359624969777414094 -0.33515833308156278703 0.010828654262072273662 0.89351409019338079442 0.5 
-1.0000000000000000199e+30 -1.0000000000000000199e+30 0 0 0 0 0 0 0 0 0 0 0 0 0 0 0 0 0 0 0 0 0 0 0 0 0 0 0 0 0 0 0 
-498829.28631202853285 -498842.41649986203993 0.005745421045801327696 0.010909837664931691659 0.84103553125994545692 0.27533928605519608634 0.88126965003795876274 0.085867142166707030593 2.3469496666460560874 0.19894267859010947297 0.99601442306443843666 0.88505807754076482041 0.82132699329748581896 0.00049659594142541241008 0.0023279209988321422457 0.0012115647551274610384 -0.92657751579807590137 0.27079638806997402556 0.39114722849444572006 0.63244496529999816303 0.0015053747323356954195 0.0022786958592295840365 3.066356305950348915 0.96095386974056695717 0.0018843006267466148873 1.4366966227189399419 -1.9608999993650300109 -0.1976982259741499881 2.4969964110284377234 -0.3626650026464902643 -0.12534925087742887495 0.89351409019338079442 0.5 
-1.0000000000000000199e+30 -1.0000000000000000199e+30 0 0 0 0 0 0 0 0 0 0 0 0 0 0 0 0 0 0 0 0 0 0 0 0 0 0 0 0 0 0 0 
-1.0000000000000000199e+30 -1.0000000000000000199e+30 0 0 0 0 0 0 0 0 0 0 0 0 0 0 0 0 0 0 0 0 0 0 0 0 0 0 0 0 0 0 0 
-1.0000000000000000199e+30 -1.0000000000000000199e+30 0 0 0 0 0 0 0 0 0 0 0 0 0 0 0 0 0 0 0 0 0 0 0 0 0 0 0 0 0 0 0 
1492.7766612816558336 1483.4669372533569458 0.0053392905507180761851 0.0089021365071254889012 0.87793650045559268325 0.12580537002782907208 0.7037592684237253815 0.633944357021099969 3.3395035639776966541 0.14356825030564254742 0.9978758720988964992 0.90066093285492776488 0.82340607439799629041 0.004156534633424268689 0.0025107998451580544087 0.0014110069799368667003 -0.22053104932683179062 0.099795549050881934838 0.0014938073002620027522 0.52947264399730320505 0.00018320950512445239797 0.050206699536734587797 4.1561333572622221055 0.96095386974056695717 0.022776526631133910822 1.4366966227189399419 -1.9608999993650300109 -0.1976982259741499881 -0.056970962847732349588 -0.084763493524332267359 0.022394534369811733981 0.8473842756902140172 0.5 
-1.0000000000000000199e+30 -1.0000000000000000199e+30 0 0 0 0 0 0 0 0 0 0 0 0 0 0 0 0 0 0 0 0 0 0 0 0 0 0 0 0 0 0 0 
-24779.488205572739389 -24787.690305323372741 0.0044766921701375394713 0.0075766376114916053966 0.31841359171085059643 0.28182119759730994701 0.74294922361150383949 0.52354952436871826649 2.383152547944336952 0.83528010547161102295 0.81946750110946597889 0.87502564284950490325 0.1424510003998875618 0.0065195189299993216644 0.0087284232536330823293 0.00053480285452678800063 -0.41114797875694003571 0.0068292229873750092545 0.99395338164532487379 0.65347653129828453533 1.5061643534873137007 7.7434622113731709208e-05 2.772432206285372569 0.96095386974056695717 0.022776526631133910822 1.4366966227189399419 -1.9608999993650300109 -0.1976982259741499881 -0.18481149826678155978 1.0621941699323902419 -0.021061806618424400855 0.8473842756902140172 0.5 
-1.0000000000000000199e+30 -1.0000000000000000199e+30 0 0 0 0 0 0 0 0 0 0 0 0 0 0 0 0 0 0 0 0 0 0 0 0 0 0 0 0 0 0 0 
1560.9903703904826671 1550.5020903635788727 0.0051614829037644914186 0.0081425519100912710502 0.6583017232738483937 0.40143606216513016971 0.91509772460545690809 0.029105821365912432769 3.3098143064967668892 0.24503388985286356228 0.94481772799090413262 0.8822036667828992984 0.87534322362874628087 0.00026913705789939108707 0.0028572506276732050588 0.0012495211450088909277 1.5589382338539292672 0.15822110318631998904 0.99992727762207433972 0.60127164150951140087 0.00015612682482030087517 0.0018250707784408983642 4.5642751670672510045 0.96095386974056695717 0.011507989874137418418 1.4366966227189399419 -1.9608999993650300109 -0.1976982259741499881 -0.00071837296049766458453 -0.0069527140519043250516 0.0020221721754853107765 0.71765716854024896865 0.5 
-1.0000000000000000199e+30 -1.0000000000000000199e+30 0 0 0 0 0 0 0 0 0 0 0 0 0 0 0 0 0 0 0 0 0 0 0 0 0 0 0 0 0 0 0 
1155.7900614149484682 1186.9387444502488052 0.00324656441694211274 0.0078023962166566297738 0.96474415173435579263 0.3690023668587709138 0.41083373226642033726 0.90979020188372194955 1.9954543391159855759 0.21216356571973021827 0.777960528936227802 0.85766736399272947011 0.37649665050466385452 0.0072976139621985106412 0.0046696364045215165567 0.0028944263650773974228 0.95861728323561190557 0.32839445472411343818 0.71266401747984198245 0.2886994305426592855 4.2634643614292141726e-06 32.255736908884038883 1.9310298920448507598 0.96095386974056695717 0.011508673492270840924 1.4366966227189399419 -1.9608999993650300109 -0.1976982259741499881 -0.81591507890666314928 -0.9194076185195929618 -0.49046406453408825099 0.71765848008984423068 0.5 
-1.0000000000000000199e+30 -1.0000000000000000199e+30 0 0 0 0 0 0 0 0 0 0 0 0 0 0 0 0 0 0 0 0 0 0 0 0 0 0 0 0 0 0 0 
-1.0000000000000000199e+30 -1.0000000000000000199e+30 0 0 0 0 0 0 0 0 0 0 0 0 0 0 0 0 0 0 0 0 0 0 0 0 0 0 0 0 0 0 0 
-1.0000000000000000199e+30 -1.0000000000000000199e+30 0 0 0 0 0 0 0 0 0 0 0 0 0 0 0 0 0 0 0 0 0 0 0 0 0 0 0 0 0 0 0 
-1.0000000000000000199e+30 -1.0000000000000000199e+30 0 0 0 0 0 0 0 0 0 0 0 0 0 0 0 0 0 0 0 0 0 0 0 0 0 0 0 0 0 0 0 
-1.0000000000000000199e+30 -1.0000000000000000199e+30 0 0 0 0 0 0 0 0 0 0 0 0 0 0 0 0 0 0 0 0 0 0 0 0 0 0 0 0 0 0 0 
1374.1391314553932261 1359.1941348854093121 0.0042207755133296387395 0.0078390024791895971529 0.84319771065735893423 0.21083382190831639891 0.15927118215333321838 0.0041262098047567547648 2.7019349484609995748 0.93226649250148940773 0.012506253499428842194 0.94052235595151234548 0.94443777085710511887 0.00071794451943129234013 0.0042203525986051785776 0.00099400162693901524154 0.3453716101546098205 0.16725581908593856184 0.1014602418490428426 0.71535012875528691811 0.0055727020308697075221 0.0010995851767224456338 3.7899684972624050339 0.96095386974056695717 0.011464860626258011056 1.4366966227189399419 -1.9608999993650300109 -0.1976982259741499881 -0.010545298054141467176 -0.0040608995118429185023 -0.00074408952401444009971 0.71769051733129141102 0.5 
-1.0000000000000000199e+30 -1.0000000000000000199e+30 0 0 0 0 0 0 0 0 0 0 0 0 0 0 0 0 0 0 0 0 0 0 0 0 0 0 0 0 0 0 0 
-760.26116114972876403 -771.55545960453468979 0.009897331571143861903 0.0089944550980970913723 0.43044151287090048896 0.95906419102620221739 0.50536843815802878765 0.016451657854924878893 2.6990795943483871788 0.9446387622191736444 0.52109105003608457984 0.77221240570165261552 0.006399564279699520436 0.00066159974776340015577 0.0039923902017808717002 0.082472280996313471202 -0.27566283315297673839 0.57598896650597453117 0.36174809304066002369 0.56181719619780778885 0.0010649890778586267905 0.00097095058998093004225 2.1185881950659677386 0.96095386974056695717 0.011464860626258011056 1.4366966227189399419 -1.9608999993650300109 -0.1976982259741499881 -0.46559938859712912684 0.8770618199708666296 -0.4128629048560754633 0.71769051733129141102 0.5 
-1.0000000000000000199e+30 -1.0000000000000000199e+30 0 0 0 0 0 0 0 0 0 0 0 0 0 0 0 0 0 0 0 0 0 0 0 0 0 0 0 0 0 0 0 
1523.1322964867074461 1511.8823332240763193 0.0047811704885733679118 0.0086452991039763504855 0.93753786633358426883 0.097200654917824258483 0.30345287139170873392 0.84744411397792485108 2.5959501586618825009 0.19653652757052103572 0.99812177929772005758 0.87950406921839785479 0.81645520806322036123 0.0056475645516573802496 0.0041789389417365464807 0.0012369258552004140043 -0.11559904152816417866 0.85335331425106764058 0.00011033306216169049723 0.67444894075523420529 0.0053764758679844312089 0.00012957516104148870278 3.5753212517589609831 0.96095386974056695717 -0.0046207729103686376662 1.4366966227189399419 -1.9608999993650300109 -0.1976982259741499881 -0.0042261932633797872141 -0.0072481154099537561247 0.00037618256003475215865 0.73489301401225548549 0.5 
-1.0000000000000000199e+30 -1.0000000000000000199e+30 0 0 0 0 0 0 0 0 0 0 0 0 0 0 0 0 0 0 0 0 0 0 0 0 0 0 0 0 0 0 0 
-1.0000000000000000199e+30 -1.0000000000000000199e+30 0 0 0 0 0 0 0 0 0 0 0 0 0 0 0 0 0 0 0 0 0 0 0 0 0 0 0 0 0 0 0 
-1.0000000000000000199e+30 -1.0000000000000000199e+30 0 0 0 0 0 0 0 0 0 0 0 0 0 0 0 0 0 0 0 0 0 0 0 0 0 0 0 0 0 0 0 
-23144.777466536022985 -23153.38676411731285 0.0048488361876471075193 0.0085932028292192465246 0.90326823457265481565 0.14032661567164930738 0.81561982771701191375 0.12111153547531271213 2.3955811729748037742 0.17543515690062055912 0.99766544996833905756 0.90291025678299208224 0.81871031065223309753 0.00067884191314416478941 0.0027644359429455146217 0.0012429872502658296293 -0.79086290063007413931 0.062213421100750565529 0.74028870463371276855 0.96311941160820424557 0.006236093547195196117 0.0025609221798367797808 2.2334424683358520269 0.96095386974056695717 -0.0046207729103686376662 1.4366966227189399419 -1.9608999993650300109 -0.1976982259741499881 0.3140491554262777596 -0.21327561191479785241 0.56159560275137876406 0.73489301401225548549 0.5 
-1.0000000000000000199e+30 -1.0000000000000000199e+30 0 0 0 0 0 0 0 0 0 0 0 0 0 0 0 0 0 0 0 0 0 0 0 0 0 0 0 0 0 0 0 
1375.7158000481761064 1376.8827691851745385 0.0046900185445388270153 0.0071030873794297776438 0.91255811814206955201 0.21667103186077418808 0.87015875151627652961 0.0577954845985688484 3.25095876208050516 0.48214423149917395861 0.99725144681589650286 0.8705145716380620069 0.89424548385921331928 0.00028145188477827413724 0.0037197073701181523203 0.0011440067871250824902 0.720590794362403253 0.89026163683231296364 0.60943339959506848125 0.67624327613610724086 0.10189082526185515298 0.016585024794984092739 4.7336302189008812036 0.96095386974056695717 -0.0046207729103686376662 1.4366966227189399419 -1.9608999993650300109 -0.1976982259741499881 -1.9170943794514081482 -0.43720737536906933984 0.75281168528013908681 0.73489301401225548549 0.5 
-1.0000000000000000199e+30 -1.0000000000000000199e+30 0 0 0 0 0 0 0 0 0 0 0 0 0 0 0 0 0 0 0 0 0 0 0 0 0 0 0 0 0 0 0 
-1.0000000000000000199e+30 -1.0000000000000000199e+30 0 0 0 0 0 0 0 0 0 0 0 0 0 0 0 0 0 0 0 0 0 0 0 0 0 0 0 0 0 0 0 
