-1.0000000000000000199e+30 -1.0000000000000000199e+30 0 0 0 0 0 0 0 0 0 0 0 0 0 0 0 0 0 0 0 0 0 0 0 0 0 0 0 0 0 0 0 
1334.0754359249979188 1340.4270671825345289 0.0048853536558330287742 0.0088513120983837456635 0.83426364191366142453 0.2033682614533678934 0.94158077487660174487 0.068904883687334689268 2.3218231348344517961 0.19637760653922553544 0.99743176327316585006 0.90227542256468407089 0.83779688574206745422 0.00038954524712800885078 0.0023181757729122489699 0.0011949131171747260066 -1.5762416688059552872 0.53384070269793892916 0.39781231202525879631 0.40504883398613217294 4.6418399593380650359 0.80072016416399816041 2.3341268513266095752 0.96095386974056695717 -0.099843922153460398783 1.4366966227189399419 -1.9608999993650300109 -0.1976982259741499881 0.36882642198956511193 1.0293898277674364827 0.043784140230233727087 0.34223565305324399333 0.5 
-1.0000000000000000199e+30 -1.0000000000000000199e+30 0 0 0 0 0 0 0 0 0 0 0 0 0 0 0 0 0 0 0 0 0 0 0 0 0 0 0 0 0 0 0 
1406.0630840288245054 1405.5513790039613014 0.0053774602992648920866 0.0089671030451602424388 0.82903549892119443587 0.046953616877549682329 0.71355179925920531048 0.16158852184684011077 2.431062766710446077 0.11620701014316053845 0.99951718484702556378 0.91500437375012055874 0.8852328672875715565 0.0011296158463746631094 0.0039427151255274107966 0.0012013031171268903543 -2.2693642419297224144 0.93283411282543848841 0.3984786352388405839 0.60832842047295909715 0.062319573866629125736 0.00014768508337577323803 3.5850149601963789969 0.96095386974056695717 -0.025378546794543918597 1.4366966227189399419 -1.9608999993650300109 -0.1976982259741499881 -0.73926379916139517423 -0.58107257711082638263 0.03746104949289322944 0.33996400092860179498 0.5 
-1.0000000000000000199e+30 -1.0000000000000000199e+30 0 0 0 0 0 0 0 0 0 0 0 0 0 0 0 0 0 0 0 0 0 0 0 0 0 0 0 0 0 0 0 
1468.0603917500818625 1461.1561147623633588 0.0061061400437237697489 0.011162977828944511266 0.52357593232913468562 0.088058062186146965344 0.99134834798692650359 0.00085290335480805784182 2.7556296311007377753 0.67848973245599708548 0.73193305917404605232 0.63877111581444634414 0.97043233393306715939 0.00039775956612797004879 0.017566525780093062564 0.0012290422716052713283 0.783942265953349815 0.93141839164238371396 0.99725460492325479489 0.50556292758990106773 0.00018364592170654880639 0.00016288213041684937465 3.3887059066000739804 0.96095386974056695717 -0.025378546794543918597 1.4366966227189399419 -1.9608999993650300109 -0.1976982259741499881 -0.76020724723561583502 0.014061687417473133985 0.38590376672292336924 0.33996400092860179498 0.5 
-1.0000000000000000199e+30 -1.0000000000000000199e+30 0 0 0 0 0 0 0 0 0 0 0 0 0 0 0 0 0 0 0 0 0 0 0 0 0 0 0 0 0 0 0 
960.75003684986722874 953.97108904025913034 0.0049386751645693043739 0.008696070778919304245 0.85365514738952719132 0.23661729245477969297 0.84249438394021469723 0.088062429871906822143 2.5866585623963982421 0.20573659970773330863 0.99663989599904923011 0.9141083991008513987 0.82079706636773075434 0.00056845755106262269366 0.0023430971448572487405 0.001257831655550384212 -0.6278042541730083359 2.3152468971596525315e-10 0.34271174090003303503 0.61872464821673278657 0.049587446299360314617 0.054000254635564258476 3.4198502694249914846 0.96095386974056695717 -0.02537853084103353779 1.4366966227189399419 -1.9608999993650300109 -0.1976982259741499881 0.14020449891548508736 0.045317065454442369277 -0.01894723418143855892 0.33996400047096064778 0.5 
-1.0000000000000000199e+30 -1.0000000000000000199e+30 0 0 0 0 0 0 0 0 0 0 0 0 0 0 0 0 0 0 0 0 0 0 0 0 0 0 0 0 0 0 0 
951.34294245934074752 994.15350745521425324 0.030759844509306261823 0.043171714707636504871 0.48562322221480597184 0.0021629451374881093241 0.49715746361080404014 0.53504811078004055336 1.4698124138392925087 0.40692698504874746934 0.66953775208197385815 0.0030798062872329540381 0.93850842726621497292 0.014336546662631033736 14.276351276167281057 0.0011244316904845080667 -0.12120417638584549125 0.51354269062071589147 0.8428764226015513783 0.54242824690559887646 0.0001147849021041230411 0.21903077124857620039 4.0963335617093914465 0.96095386974056695717 -0.0070799357227565333159 1.4366966227189399419 -1.9608999993650300109 -0.1976982259741499881 0.45821435830075074591 -1.2997091045330730896 -0.093768189521965583655 0.33906324544206595251 0.5 
-1.0000000000000000199e+30 -1.0000000000000000199e+30 0 0 0 0 0 0 0 0 0 0 0 0 0 0 0 0 0 0 0 0 0 0 0 0 0 0 0 0 0 0 0 
-1.0000000000000000199e+30 -1.0000000000000000199e+30 0 0 0 0 0 0 0 0 0 0 0 0 0 0 0 0 0 0 0 0 0 0 0 0 0 0 0 0 0 0 0 
-1.0000000000000000199e+30 -1.0000000000000000199e+30 0 0 0 0 0 0 0 0 0 0 0 0 0 0 0 0 0 0 0 0 0 0 0 0 0 0 0 0 0 0 0 
1346.3533160613205837 1343.612945936245751 0.004775419827397786067 0.0076468392900967720183 0.96601256205604346672 0.21421541389745110684 0.80161039366617969915 0.050726971914339155645 3.271451731864664314 0.48262734106107374465 0.99757848922479430698 0.97728639918087667482 0.88722844852640503355 0.00026340426629859039825 0.0021228278643581535018 0.001194661384094787733 -1.4173694576836528558 0.054589226335380623689 0.3567035450240561012 0.54071824578641813908 2.9076445768744165754 0.00014229316017232211634 3.9339860645476307788 0.96095386974056695717 -0.0070799357227565333159 1.4366966227189399419 -1.9608999993650300109 -0.1976982259741499881 1.7355353118080689701 0.39255070131114944143 0.094084846829114027189 0.33906324544206595251 0.5 
-1.0000000000000000199e+30 -1.0000000000000000199e+30 0 0 0 0 0 0 0 0 0 0 0 0 0 0 0 0 0 0 0 0 0 0 0 0 0 0 0 0 0 0 0 
1279.5878837790569378 1285.696725021768998 0.0047189565233942687428 0.0084326437782939103055 0.76835566792835152672 0.31462052745446961177 0.86274038477077341636 0.32634119071714801086 2.7885805074165821438 0.24085611786780572463 0.87893045615431664164 0.78281627264855890846 0.81253507580510964114 0.0025705746193925662658 0.0046673594114501303076 0.0014155042653447088164 -1.4344968825522173006 0.2658588574407771965 0.21563878361779045822 0.44102045596235328606 8.5994829327820276887 1.3977990800426272067 3.4111505962026424932 0.96095386974056695717 -0.006919216930947547084 1.4366966227189399419 -1.9608999993650300109 -0.1976982259741499881 -0.69187029108885089723 -0.99865215786227812256 0.036901646420938877258 0.339024711333955453 0.5 
-1.0000000000000000199e+30 -1.0000000000000000199e+30 0 0 0 0 0 0 0 0 0 0 0 0 0 0 0 0 0 0 0 0 0 0 0 0 0 0 0 0 0 0 0 
1472.9385525806108035 1454.4536325001686237 0.0047721276731423995995 0.0096652151071538131705 0.63325152122145123013 0.092828820187010968601 0.2349035789766450999 0.0094495230733540481333 1.7256055919266748422 0.31000913373326444145 0.00086268151753191686052 0.93492924940134902734 0.87504492216281559713 0.0011775668258465219265 0.0055251959891315823026 0.0011273242149360859343 0.17846791579981807763 0.86748039469924587141 0.5802647968808133383 0.52091974915640215649 0.0023389780851588281435 0.00015954355279641140248 2.5126780662201073646 0.96095386974056695717 -0.012582160181216928835 1.4366966227189399419 -1.9608999993650300109 -0.1976982259741499881 0.529324339526675125 0.94396253959897113983 0.020903657793673240811 0.33888919004497725096 0.5 
-1.0000000000000000199e+30 -1.0000000000000000199e+30 0 0 0 0 0 0 0 0 0 0 0 0 0 0 0 0 0 0 0 0 0 0 0 0 0 0 0 0 0 0 0 
-996.07500904052267288 -1010.9324603811347743 0.0046529395755299553239 0.0071769147737224051053 0.83301516758039839683 0.14062254467008064585 0.69433032515285819652 0.1389188707103243825 3.0159585372583115337 0.24978492747581285127 0.99656079356892524057 0.86768305976656656675 0.85074557815080475986 0.00084228878359504221612 0.0038055878865756289156 0.0012461839943657261436 -0.2367963694556569354 0.76557409858277802872 0.081683236139431458778 0.63122864508344500578 0.0042273926575772729705 0.00037054603546294017377 3.3923317298562940536 0.96095386974056695717 -0.012582160181216928835 1.4366966227189399419 -1.9608999993650300109 -0.1976982259741499881 -0.17621208885027997426 1.2999312321870593046 0.012943062490002517698 0.33888919004497725096 0.5 
-1.0000000000000000199e+30 -1.0000000000000000199e+30 0 0 0 0 0 0 0 0 0 0 0 0 0 0 0 0 0 0 0 0 0 0 0 0 0 0 0 0 0 0 0 
1324.238546164035597 1312.0655284408369425 0.0047371636904407054408 0.0074810322224849751943 0.83129355961821127519 0.44464886650008095259 0.57747624826567667267 0.28538585793583082229 3.0450309330626343929 0.1667092293371361944 0.97619600388494431886 0.93616046285459864063 0.8172180760285665535 0.0022652629047028257671 0.0019040565312280486373 0.0014235941475748681555 0.49143511105320109023 0.073710474622060317973 0.9947680407718566542 0.6003914479449248276 9.0925057797672993623e-05 0.012531162003067433663 2.6473049255720737527 0.96095386974056695717 -0.012610946255572255681 1.4366966227189399419 -1.9608999993650300109 -0.1976982259741499881 0.0024547993231204107666 -0.011254073334120944308 0.00061207289037670668027 0.33888918735783485348 0.5 
-1.0000000000000000199e+30 -1.0000000000000000199e+30 0 0 0 0 0 0 0 0 0 0 0 0 0 0 0 0 0 0 0 0 0 0 0 0 0 0 0 0 0 0 0 
-1.0000000000000000199e+30 -1.0000000000000000199e+30 0 0 0 0 0 0 0 0 0 0 0 0 0 0 0 0 0 0 0 0 0 0 0 0 0 0 0 0 0 0 0 
-1.0000000000000000199e+30 -1.0000000000000000199e+30 0 0 0 0 0 0 0 0 0 0 0 0 0 0 0 0 0 0 0 0 0 0 0 0 0 0 0 0 0 0 0 
-1.0000000000000000199e+30 -1.0000000000000000199e+30 0 0 0 0 0 0 0 0 0 0 0 0 0 0 0 0 0 0 0 0 0 0 0 0 0 0 0 0 0 0 0 
-1.0000000000000000199e+30 -1.0000000000000000199e+30 0 0 0 0 0 0 0 0 0 0 0 0 0 0 0 0 0 0 0 0 0 0 0 0 0 0 0 0 0 0 0 
-1.0000000000000000199e+30 -1.0000000000000000199e+30 0 0 0 0 0 0 0 0 0 0 0 0 0 0 0 0 0 0 0 0 0 0 0 0 0 0 0 0 0 0 0 
-1.0000000000000000199e+30 -1.0000000000000000199e+30 0 0 0 0 0 0 0 0 0 0 0 0 0 0 0 0 0 0 0 0 0 0 0 0 0 0 0 0 0 0 0 
-1.0000000000000000199e+30 -1.0000000000000000199e+30 0 0 0 0 0 0 0 0 0 0 0 0 0 0 0 0 0 0 0 0 0 0 0 0 0 0 0 0 0 0 0 
-1.0000000000000000199e+30 -1.0000000000000000199e+30 0 0 0 0 0 0 0 0 0 0 0 0 0 0 0 0 0 0 0 0 0 0 0 0 0 0 0 0 0 0 0 
-6181423.1445039678365 -6181411.6731762327254 0.0078690106483135999205 0.019965461289256743876 0.82011171393686921327 0.00010558085837131950062 0.91625238338073544675 0.87374713179625329573 1.4118059116383516738 0.48240757419990781818 0.82407334385531172405 0.32366813895154605829 0.18188092347656725778 0.0012304934896647135457 48.195550094768179861 0.0057167147180013722432 0.050652702353418226078 0.84563551712914486469 0.99157176576977634763 0.71834806965650366273 0.0084579855808364183545 0.00011688026683215979411 3.5562061283480566054 0.96095386974056695717 -0.012610946255572255681 1.4366966227189399419 -1.9608999993650300109 -0.1976982259741499881 0.15738072398211680469 0.016862879548612277891 -0.019303551886810165622 0.33888918735783485348 0.5 
-1.0000000000000000199e+30 -1.0000000000000000199e+30 0 0 0 0 0 0 0 0 0 0 0 0 0 0 0 0 0 0 0 0 0 0 0 0 0 0 0 0 0 0 0 
1445.5720847144341406 1444.0141115900780733 0.0049385122948690509878 0.006288534176110998318 0.78254913773524681364 0.018222938482847443609 0.94022747003978224267 0.16285056247602150425 2.9346018634726913632 0.02883852098694751967 0.9998650519799101577 0.98376513182047820028 0.90687439864711005821 0.0012681884922380157101 0.0024259427835021528559 0.0012765213528974869196 0.72354094023003701075 0.92980299335889782242 0.063846414387293493053 0.60166523980121044968 0.037886642065600467655 0.00015029377080932957832 3.6455708773598067829 0.96095386974056695717 0.0047491932660532337751 1.4366966227189399419 -1.9608999993650300109 -0.1976982259741499881 0.28225290166737421194 0.029027218710285816738 -0.038912648191219277594 0.3377653830401661228 0.5 
-1.0000000000000000199e+30 -1.0000000000000000199e+30 0 0 0 0 0 0 0 0 0 0 0 0 0 0 0 0 0 0 0 0 0 0 0 0 0 0 0 0 0 0 0 
-148240346.11945417523 -148240350.01898783445 0.0071167534310370688527 0.009542219518528630845 0.187216214369982481 0.67771839210763573647 0.8131007426418364048 0.21482666837982833385 2.2522737665101884019 0.84158669644966721535 0.81567310458049180344 0.75261398428119719028 0.99997340748086571693 0.0041687630768865342745 0.0018210834544152021148 0.0050005256850272419844 -1.6728721686758420972 0.10535392607562243938 0.3296837641391903162 0.45373514154925942421 0.0047813924285583196683 0.00060458541614934798586 1.903497137944214046 0.96095386974056695717 0.0047491932660532337751 1.4366966227189399419 -1.9608999993650300109 -0.1976982259741499881 -0.94314459133508732336 2.420590603261267848 1.3733918637470181601 0.3377653830401661228 0.5 
-1.0000000000000000199e+30 -1.0000000000000000199e+30 0 0 0 0 0 0 0 0 0 0 0 0 0 0 0 0 0 0 0 0 0 0 0 0 0 0 0 0 0 0 0 
1406.8344280579635779 1418.6887692733553195 0.0069267229258920537394 0.011200896733186575804 0.93796097749363926965 0.0055728577824799676102 0.98285068006968911991 0.32556075080904361974 1.9795028216524110931 0.014616192651364644586 0.99990779641897609142 0.96536163824780862885 0.90066994675138767334 0.0020933863823847710141 0.0026064351462527211335 0.0012424465015091273271 -1.8760799948695612294 0.72835103786661092862 0.98567953431360999517 0.62921131337278624063 0.15089407367290222362 0.00011440999400556699282 3.1262647963801986073 0.96095386974056695717 0.020308303654930200122 1.4366966227189399419 -1.9608999993650300109 -0.1976982259741499881 1.5080952603207906648 -0.63615328908037027666 -0.58330715421120715725 0.35249287926466849052 0.5 
-1.0000000000000000199e+30 -1.0000000000000000199e+30 0 0 0 0 0 0 0 0 0 0 0 0 0 0 0 0 0 0 0 0 0 0 0 0 0 0 0 0 0 0 0 
-1.0000000000000000199e+30 -1.0000000000000000199e+30 0 0 0 0 0 0 0 0 0 0 0 0 0 0 0 0 0 0 0 0 0 0 0 0 0 0 0 0 0 0 0 
-1.0000000000000000199e+30 -1.0000000000000000199e+30 0 0 0 0 0 0 0 0 0 0 0 0 0 0 0 0 0 0 0 0 0 0 0 0 0 0 0 0 0 0 0 
-22150.458732956776657 -22161.265373035326775 0.0063702229259070004136 0.0063816872778503837965 0.47401931765489280224 0.38451145472936332226 0.3944702476728707552 0.28629287541843950748 3.4390445407014338386 0.53134539281018078327 0.75842253048904240131 0.91368710799142716095 0.81601486029103398323 0.008819880178198218762 0.0087288037501275540786 0.00010675712721422314535 0.55930583064288408313 4.1561041459934417521e-10 0.6181073481162171479 0.62460228989615895756 0.00051667878242858168453 0.53899639534558341225 5.0113746518127673113 0.96095386974056695717 0.020308303654930200122 1.4366966227189399419 -1.9608999993650300109 -0.1976982259741499881 0.0031222476390242444137 0.018593397864202537012 -0.007008679260535221299 0.35249287926466849052 0.5 
-1.0000000000000000199e+30 -1.0000000000000000199e+30 0 0 0 0 0 0 0 0 0 0 0 0 0 0 0 0 0 0 0 0 0 0 0 0 0 0 0 0 0 0 0 
-270801197.38368725777 -270801200.98191016912 0.0050305571532785094135 0.0076701385816060566741 0.89238208441391420056 0.060324287829888821599 0.86604649417727719296 0.27388918679818957669 3.4943926813931973641 0.25890952518650034442 0.99916827789099904589 0.92531831842833167645 0.86567176692901726121 0.0015091967326924637504 0.0031863300627855859967 0.0012848944447668285852 1.4828076331173942748 0.18898055399768054485 0.58392747421748936176 0.70618009567260742188 0.0025331156654283403136 0.0069925724086351689554 1.9739114871481433511 0.96095386974056695717 0.020308303654930200122 1.4366966227189399419 -1.9608999993650300109 -0.1976982259741499881 -1.5305297272696556377 1.5791361338925391511 1.1547711597950491846 0.35249287926466849052 0.5 
-1.0000000000000000199e+30 -1.0000000000000000199e+30 0 0 0 0 0 0 0 0 0 0 0 0 0 0 0 0 0 0 0 0 0 0 0 0 0 0 0 0 0 0 0 
1468.2521750073242401 1455.8228584591342951 0.0048309945117438980386 0.0083615348049478153275 0.76815275202037203162 0.073483024435984020672 0.10324005432014710104 0.37806388045584587987 2.4064870653853556171 0.25064428895179968748 0.99429944163728312123 0.75302409029911776539 0.86354405698697611626 0.0032304105582773704787 0.012752366403769553604 0.0011475684213530516938 1.1027247090636884685 0.86254889704969728292 0.0012015282013125884453 0.62425554898564561412 0.026170225950332654669 0.00022835195658782805623 3.4608355963046650849 0.96095386974056695717 0.25192447024496922303 1.4366966227189399419 -1.9608999993650300109 -0.1976982259741499881 0.06375693817505409533 0.85605142561216363006 -0.0027166231314910541973 0.34743940909520310001 0.5 
-1.0000000000000000199e+30 -1.0000000000000000199e+30 0 0 0 0 0 0 0 0 0 0 0 0 0 0 0 0 0 0 0 0 0 0 0 0 0 0 0 0 0 0 0 
-37500810.360096842051 -37500819.465810507536 0.0051058621593892657489 0.0083873484863621842328 0.8541944029919071868 0.099646698516781900823 0.92167944020627690094 0.12747992715559516852 2.7776863428701381586 0.14445408349263094694 0.99898117625575966194 0.91971229888364680605 0.85599038372964664223 0.00075395107807474512004 0.0026768564828642698629 0.001256811533251400324 -1.933621466931521482 0.23613780294544994831 0.27344358805567026138 0.42070524860173463821 0.00081828723894432190984 0.0050401086383499204072 2.2813987736590206623 0.96095386974056695717 0.25192447024496922303 1.4366966227189399419 -1.9608999993650300109 -0.1976982259741499881 -0.22997641362184523262 1.08294078301180563 1.0117143789683840094 0.34743940909520310001 0.5 
-1.0000000000000000199e+30 -1.0000000000000000199e+30 0 0 0 0 0 0 0 0 0 0 0 0 0 0 0 0 0 0 0 0 0 0 0 0 0 0 0 0 0 0 0 
-1.0000000000000000199e+30 -1.0000000000000000199e+30 0 0 0 0 0 0 0 0 0 0 0 0 0 0 0 0 0 0 0 0 0 0 0 0 0 0 0 0 0 0 0 
