-1.0000000000000000199e+30 -1.0000000000000000199e+30 0 0 0 0 0 0 0 0 0 0 0 0 0 0 0 0 0 0 0 0 0 0 0 0 0 0 0 0 0 0 0 
-23984.188740071804204 -23988.83948744211375 0.0052039606361723531741 0.0083741122639420691176 0.88475932680520141815 0.30169697077610668767 0.86528751253916091901 0.16412945376860577085 3.5904238366242999803 0.23667536352543350198 0.99247406946166960573 0.92835669580855839644 0.82620072478575323771 0.0010123625508553987795 0.002031808160032772155 0.001453712066216145864 1.1498557202605785843 0.22224628226831555367 0.92948821000754833221 0.8716324586421251297 0.0095325698028318577026 0.006147346177604049236 2.3100759822409600019 0.96095386974056695717 -0.099843922153460398783 1.4366966227189399419 -1.9608999993650300109 -0.1976982259741499881 2.226441817907675258 -0.57224358683432463568 -0.15637668401084311998 0.34223565305324399333 0.5 
-1.0000000000000000199e+30 -1.0000000000000000199e+30 0 0 0 0 0 0 0 0 0 0 0 0 0 0 0 0 0 0 0 0 0 0 0 0 0 0 0 0 0 0 0 
1205.8415852281748357 1204.5136301455790999 0.0066432746722202666578 0.012844859416151120646 0.91858653656231636919 0.10349858887749424641 0.75871928005508837423 0.81051830276486636073 4.0935906564134043606 0.52078098450240795092 0.96103460961949538355 0.86763767378714828915 0.3395946315637251578 0.010567478255142355101 0.0077624379347538009083 0.015443543441470256733 -0.082895297350082261523 0.0068586198166591290371 0.56106359752989387601 0.64393534221178838628 8.5542618367571586404e-05 0.11742936922279603729 3.3218324204078761852 0.96095386974056695717 -0.099862049979909384145 1.4366966227189399419 -1.9608999993650300109 -0.1976982259741499881 0.024304005239652714393 -0.1634160472927005392 0.040911848276269979774 0.3422355662748765015 0.5 
-1.0000000000000000199e+30 -1.0000000000000000199e+30 0 0 0 0 0 0 0 0 0 0 0 0 0 0 0 0 0 0 0 0 0 0 0 0 0 0 0 0 0 0 0 
1342.2534300993361285 1351.8797956676166905 0.0053051955455436583878 0.0089786017786887255959 0.88885850984999736912 0.10913179226663188848 0.91315029983384521373 0.13514774035264096042 2.8568204803755290477 0.16031423320879190086 0.99864077083117919198 0.90360230069997682367 0.85662504322145427427 0.0009012084445165045735 0.0033025141406499008978 0.0012623662112749717019 -0.26176123683224189476 0.87483665266598065191 1.8263875827289786317e-06 0.73614299766033797212 19.433652100199459767 0.30424301619705096389 4.4563336465469323144 0.96095386974056695717 -0.099861994070967741166 1.4366966227189399419 -1.9608999993650300109 -0.1976982259741499881 -0.4647878578895511259 0.85621148273302349896 -0.014831333181652401818 0.34223556320424997068 0.5 
-1.0000000000000000199e+30 -1.0000000000000000199e+30 0 0 0 0 0 0 0 0 0 0 0 0 0 0 0 0 0 0 0 0 0 0 0 0 0 0 0 0 0 0 0 
-1.0000000000000000199e+30 -1.0000000000000000199e+30 0 0 0 0 0 0 0 0 0 0 0 0 0 0 0 0 0 0 0 0 0 0 0 0 0 0 0 0 0 0 0 
-1.0000000000000000199e+30 -1.0000000000000000199e+30 0 0 0 0 0 0 0 0 0 0 0 0 0 0 0 0 0 0 0 0 0 0 0 0 0 0 0 0 0 0 0 
-632992193.11149430275 -632992205.24702632427 0.0051198744840130578845 0.0086465226937065039342 0.70012834235605669875 0.60947399654236045219 0.8757956232219924475 0.051853841667234605584 3.9593728505018348507 0.40934451255550480253 0.850274514166767581 0.89187863035841219439 0.87284361758885642413 0.00052868671569756002689 0.0022462133175913568013 0.0013279590714958692046 0.77051240442211232917 0.12282020249404013157 0.57772866706363856792 0.39653893024660646915 0.0035549103864468633261 0.003700046874582767556 2.222079212311655283 0.96095386974056695717 -0.099861994070967741166 1.4366966227189399419 -1.9608999993650300109 -0.1976982259741499881 -1.0202359688140927307 1.7827322525425148836 0.21671467482616982303 0.34223556320424997068 0.5 
-1.0000000000000000199e+30 -1.0000000000000000199e+30 0 0 0 0 0 0 0 0 0 0 0 0 0 0 0 0 0 0 0 0 0 0 0 0 0 0 0 0 0 0 0 
-1.0000000000000000199e+30 -1.0000000000000000199e+30 0 0 0 0 0 0 0 0 0 0 0 0 0 0 0 0 0 0 0 0 0 0 0 0 0 0 0 0 0 0 0 
-1.0000000000000000199e+30 -1.0000000000000000199e+30 0 0 0 0 0 0 0 0 0 0 0 0 0 0 0 0 0 0 0 0 0 0 0 0 0 0 0 0 0 0 0 
-783775.99306439887732 -783781.57486670499202 0.0035769281688824107121 0.0052659655397663670748 0.14938680852370250784 0.6538745742746219225 0.81332529528285690823 0.88436636877067764662 3.5534118853733227539 0.7619009554279340124 0.91458791958473828476 0.78913401985770570413 0.27663068459885264971 0.0050579076005098618299 0.0067447545926817469367 0.007405133728465554746 0.87307238960103417114 0.870350690558552742 0.011846111156046390533 0.78696684236638247967 0.0015590847306884824536 0.0081608927575871348381 1.8905797090847045183 0.96095386974056695717 -0.099861994070967741166 1.4366966227189399419 -1.9608999993650300109 -0.1976982259741499881 -0.87217713876738556245 1.8138292286264903197 -0.10151838505164741122 0.34223556320424997068 0.5 
-1.0000000000000000199e+30 -1.0000000000000000199e+30 0 0 0 0 0 0 0 0 0 0 0 0 0 0 0 0 0 0 0 0 0 0 0 0 0 0 0 0 0 0 0 
-1.0000000000000000199e+30 -1.0000000000000000199e+30 0 0 0 0 0 0 0 0 0 0 0 0 0 0 0 0 0 0 0 0 0 0 0 0 0 0 0 0 0 0 0 
-1.0000000000000000199e+30 -1.0000000000000000199e+30 0 0 0 0 0 0 0 0 0 0 0 0 0 0 0 0 0 0 0 0 0 0 0 0 0 0 0 0 0 0 0 
-1.0000000000000000199e+30 -1.0000000000000000199e+30 0 0 0 0 0 0 0 0 0 0 0 0 0 0 0 0 0 0 0 0 0 0 0 0 0 0 0 0 0 0 0 
-1.0000000000000000199e+30 -1.0000000000000000199e+30 0 0 0 0 0 0 0 0 0 0 0 0 0 0 0 0 0 0 0 0 0 0 0 0 0 0 0 0 0 0 0 
1468.9669282625852702 1455.9411885559784423 0.0070756187829036044576 0.013160018086095506482 0.57104114731710187147 0.40460610543462027788 0.94728928374898035969 0.015906568069520662934 1.9118154679268795082 0.30846938496851156186 0.70980383055601092845 0.87107839212067483814 0.84157717752180005721 0.00068715806631901960814 0.0034677345203608543264 0.0015774129406038019195 0.0098867312425474571103 0.003924190187604078249 0.054114825786437524557 0.56358311905827263022 0.00011668300180994545733 0.50860485481901107629 4.3292915325565575202 0.96095386974056695717 -0.09341091334636467125 1.4366966227189399419 -1.9608999993650300109 -0.1976982259741499881 0.013944174010430939251 -0.11157284305102048438 0.0034688122797658566855 0.34694923787945258775 0.5 
-1.0000000000000000199e+30 -1.0000000000000000199e+30 0 0 0 0 0 0 0 0 0 0 0 0 0 0 0 0 0 0 0 0 0 0 0 0 0 0 0 0 0 0 0 
1397.0794049695980448 1389.3749907087728843 0.0052998569960505939255 0.0084883841497256778963 0.84490306784220547964 0.28041598262735939473 0.95698926912434711944 0.085054763662881033293 3.5027547204347277976 0.23236211130241182787 0.99387209090060268935 0.93541104001112140853 0.86161830980879405839 0.00052718765752891025896 0.0020789317509449321136 0.0013061394479028458869 0.52435360866578395456 0.70959062738027922634 0.35751627679696040829 0.60885776671375557711 0.25998597807605683396 0.00010152375980759147447 2.7666942074495719517 0.96095386974056695717 -0.09341091334636467125 1.4366966227189399419 -1.9608999993650300109 -0.1976982259741499881 0.2649314177564708328 0.072009734521592663747 -0.0010382613835000339877 0.34694923787945258775 0.5 
-1.0000000000000000199e+30 -1.0000000000000000199e+30 0 0 0 0 0 0 0 0 0 0 0 0 0 0 0 0 0 0 0 0 0 0 0 0 0 0 0 0 0 0 0 
-8951.2975766917588771 -8958.1036540318327752 0.0056367559369696644198 0.01011168804349722207 0.62721578923818477325 0.31955123277316138664 0.92245816772620525814 0.83511377955420040831 2.6755014681517970132 0.067507693302127746993 0.89809199697298480736 0.8292335977471421149 0.71168884835715473525 0.010441187560743843063 0.0026517246110819314188 0.0024516335593546220196 0.3851990804940330082 0.81301924423314630985 0.83188866334967315197 0.55810316815041005611 0.0086505756340920919589 0.006892648888751864121 2.0370332648744806647 0.96095386974056695717 -0.09341091334636467125 1.4366966227189399419 -1.9608999993650300109 -0.1976982259741499881 -0.6196086012306510904 2.5610756747411884682 1.0989315077851598002 0.34694923787945258775 0.5 
-1.0000000000000000199e+30 -1.0000000000000000199e+30 0 0 0 0 0 0 0 0 0 0 0 0 0 0 0 0 0 0 0 0 0 0 0 0 0 0 0 0 0 0 0 
1243.3475554689869114 1235.6294593634070225 0.0044755854604544252628 0.010488208330108840169 0.64452854137878845542 0.28936644951925516445 0.96720860608157277483 0.0060603229306620117964 1.9113135071766496065 0.48766333830383273851 0.80713060964885108284 0.65058176083937624412 0.91130826233662975966 0.00029502829861050082309 0.0075647821934952978393 0.0011745493819529928808 -1.3877292831808119011 0.81349705731628829675 0.27584164386716597539 0.9219135539818732461 0.070180400683041960219 0.00050447073220466021135 1.9505424269877182919 0.96095386974056695717 -0.09341091334636467125 1.4366966227189399419 -1.9608999993650300109 -0.1976982259741499881 0.99847358758281179458 1.7061674565804352266 -0.21241711863303824881 0.34694923787945258775 0.5 
-1.0000000000000000199e+30 -1.0000000000000000199e+30 0 0 0 0 0 0 0 0 0 0 0 0 0 0 0 0 0 0 0 0 0 0 0 0 0 0 0 0 0 0 0 
1416.1908042073953311 1403.922828062673716 0.0065190470835523759915 0.013637795199351470526 0.41673336932276566769 0.10109660841726016145 0.94334479662143622125 0.0020924277102961500244 1.8895975950732051274 0.30658900364146557393 0.24499738345041979781 0.33633067402972632864 0.82403754177925492286 0.0014760672970513947274 0.020398912072976314175 0.0011607353310798870089 -0.1501567107244196897 0.46441014113388295881 0.3776343722171927042 0.58738317457408339983 0.036246298666592652316 0.00011552609774180211074 2.9303759495966041904 0.96095386974056695717 -0.09341091334636467125 1.4366966227189399419 -1.9608999993650300109 -0.1976982259741499881 0.13036974438056697645 0.065301667377525574043 -0.028479313095300783781 0.34694923787945258775 0.5 
-1.0000000000000000199e+30 -1.0000000000000000199e+30 0 0 0 0 0 0 0 0 0 0 0 0 0 0 0 0 0 0 0 0 0 0 0 0 0 0 0 0 0 0 0 
-1.0000000000000000199e+30 -1.0000000000000000199e+30 0 0 0 0 0 0 0 0 0 0 0 0 0 0 0 0 0 0 0 0 0 0 0 0 0 0 0 0 0 0 0 
-1.0000000000000000199e+30 -1.0000000000000000199e+30 0 0 0 0 0 0 0 0 0 0 0 0 0 0 0 0 0 0 0 0 0 0 0 0 0 0 0 0 0 0 0 
-32377.095042723787628 -32385.050750082056766 0.0051796470104882429836 0.0089960216477188801459 0.88487051467525024151 0.23812790828438964996 0.82547345856210196935 0.13445362021432422095 2.7337508983098488535 0.16931796052404032848 0.9989425405901510846 0.91765097657544603127 0.82103402741778286344 0.00076728506910193644986 0.0020571798126773482851 0.0013027684166605755546 0.87678578458368527926 0.78753098589368164539 0.20010313345119357109 0.44475669250823557377 0.0068356165569275614477 0.0082033908530138432286 1.6372772614704445004 0.96095386974056695717 -0.09341091334636467125 1.4366966227189399419 -1.9608999993650300109 -0.1976982259741499881 -0.31408277048967708778 1.3453735403148290306 0.028062288328488744354 0.34694923787945258775 0.5 
-1.0000000000000000199e+30 -1.0000000000000000199e+30 0 0 0 0 0 0 0 0 0 0 0 0 0 0 0 0 0 0 0 0 0 0 0 0 0 0 0 0 0 0 0 
-1.0000000000000000199e+30 -1.0000000000000000199e+30 0 0 0 0 0 0 0 0 0 0 0 0 0 0 0 0 0 0 0 0 0 0 0 0 0 0 0 0 0 0 0 
-1.0000000000000000199e+30 -1.0000000000000000199e+30 0 0 0 0 0 0 0 0 0 0 0 0 0 0 0 0 0 0 0 0 0 0 0 0 0 0 0 0 0 0 0 
1554.9197763191596096 1543.3042681899066793 0.0049372038166133674561 0.0070415664043702664091 0.80979434216262824453 0.24793479516193608903 0.89774666018530691058 0.05720826675492347857 3.6867405903431973435 0.18812312597811528536 0.999152294376190242 0.91955352807326506959 0.90974448237325344913 0.00043223634984885557367 0.0027191678726000388655 0.0012949283873922420775 -0.01602356077458776118 0.92655125325973997086 0.48136550325278476548 0.55346219048356082304 0.00041140061497250073703 0.00015993518369969168119 3.8967542620450763557 0.96095386974056695717 -0.0096364484080340446354 1.4366966227189399419 -1.9608999993650300109 -0.1976982259741499881 -0.0082415534858449029237 -9.0975397896100036028e-05 0.0034112153549546763223 0.34672579121613800179 0.5 
-1.0000000000000000199e+30 -1.0000000000000000199e+30 0 0 0 0 0 0 0 0 0 0 0 0 0 0 0 0 0 0 0 0 0 0 0 0 0 0 0 0 0 0 0 
1477.1862944977217467 1466.3565770419154433 0.0054631084606181368885 0.010159951076040550991 0.65724483833791191856 0.088945181533540376706 0.13101169148283084431 0.022364662251640549107 2.2748503258493784074 0.34108942169055833649 0.56415546775015867897 0.97166695053403151494 0.91826629887175348355 0.0015622248219427507018 0.0045417547955933102594 0.0012498039253548221331 -1.6171924127785699543 0.76700978357708471389 0.56998804464177277307 0.52266946715041873173 0.0013275353619966634607 0.00099148658686983265169 4.0847689136457914216 0.96095386974056695717 -0.0068319307765782261513 1.4366966227189399419 -1.9608999993650300109 -0.1976982259741499881 -1.4362312702523634123 0.19633554592744428824 0.14758429437328329792 0.34628309597466599978 0.5 
-1.0000000000000000199e+30 -1.0000000000000000199e+30 0 0 0 0 0 0 0 0 0 0 0 0 0 0 0 0 0 0 0 0 0 0 0 0 0 0 0 0 0 0 0 
1581.1909617395619989 1575.6077572815684107 0.0060759362859509708985 0.011229224234265125851 0.73189714768229963138 0.051574546537808678426 0.95356345111376450419 0.060275165432984202651 2.8170346817853109123 0.049060933600592826487 0.999584599244154548 0.90363211171093427154 0.89101997948854361198 0.00050118333184402425341 0.0046084254231750212613 0.0012831503165872161238 -0.040812245652230065562 0.81999294914020293135 0.0026976346153306097857 0.60029406518805661364 0.00026309656837636706582 0.031557126191733425591 4.868918223753347263 0.96095386974056695717 -0.0029322064906263226904 1.4366966227189399419 -1.9608999993650300109 -0.1976982259741499881 2.2075531437655212407e-05 -0.002832150545435821367 -0.00020239577225443934052 0.34403159320875625893 0.5 
-1.0000000000000000199e+30 -1.0000000000000000199e+30 0 0 0 0 0 0 0 0 0 0 0 0 0 0 0 0 0 0 0 0 0 0 0 0 0 0 0 0 0 0 0 
-3144727.8882345017046 -3144676.7982048569247 5.5627560738527592754e-05 0.066870361086860716227 0.38573893143327386834 0.80681709709476945314 0.92768900435177437114 0.62383241381433107708 1.8967361512796743206 0.061142039812430978851 0.76004230259920735335 0.93866422352901734971 0.11053569255660380954 0.0035873831948754898551 1.2558784801512956552e-05 0.0067070102886162066835 0.32483023177611686227 0.88024890678934752941 0.32000855309888720512 0.082838176516816020012 0.0045680226408876482141 0.0081287758494727312825 2.1777332423953339458 0.96095386974056695717 -0.0029322064906263226904 1.4366966227189399419 -1.9608999993650300109 -0.1976982259741499881 0.010143021552063879315 -0.2584346933073678465 0.86248168143029146915 0.34403159320875625893 0.5 
-1.0000000000000000199e+30 -1.0000000000000000199e+30 0 0 0 0 0 0 0 0 0 0 0 0 0 0 0 0 0 0 0 0 0 0 0 0 0 0 0 0 0 0 0 
-1.0000000000000000199e+30 -1.0000000000000000199e+30 0 0 0 0 0 0 0 0 0 0 0 0 0 0 0 0 0 0 0 0 0 0 0 0 0 0 0 0 0 0 0 
-1.0000000000000000199e+30 -1.0000000000000000199e+30 0 0 0 0 0 0 0 0 0 0 0 0 0 0 0 0 0 0 0 0 0 0 0 0 0 0 0 0 0 0 0 
1350.5661141983744074 1355.6338063562920979 0.00536821676070993372 0.010141115638336535565 0.8157424739732331842 0.17056066341740722114 0.98585014362383560638 0.091429779197435556704 2.9210598657589117444 0.29301218828845221331 0.99763189765523030417 0.83862569885941740111 0.75238750696721723443 0.00050182919993158937345 0.0045637859232558804917 0.001534718530511410212 0.38882797119834400235 0.59570482083059062006 0.64201500415597478888 0.86935776904016481836 0.25010905817291934072 0.033828842424227248409 3.1473300664279704186 0.96095386974056695717 -0.0029322064906263226904 1.4366966227189399419 -1.9608999993650300109 -0.1976982259741499881 -1.9751641469758072223 -0.62254040443833802421 -0.34262529223970633607 0.34403159320875625893 0.5 
-1.0000000000000000199e+30 -1.0000000000000000199e+30 0 0 0 0 0 0 0 0 0 0 0 0 0 0 0 0 0 0 0 0 0 0 0 0 0 0 0 0 0 0 0 
1252.8030546114123354 1241.5124501890604733 0.0039599111977455924566 0.0067655134458015431589 0.7548740623831622365 0.12422006433278244553 0.064170052882859221488 0.058785663656082329243 2.2955918001507953363 0.2691182897387617845 0.54136555575124423179 0.97347902974245437147 0.87377701263761797801 0.0018712412747958391285 0.0039717367118390495273 0.0012429982864604325644 1.3074083542890617693 0.6562629439551772581 0.37504515740004906732 0.67447972916636367291 0.0026043962958309588296 0.00043110679283358394314 1.5290896348535656379 0.96095386974056695717 -0.0029321842969799631964 1.4366966227189399419 -1.9608999993650300109 -0.1976982259741499881 -0.94564338177882167891 -1.1177152582494291888 0.47562149493731953331 0.34403158945241857358 0.5 
-1.0000000000000000199e+30 -1.0000000000000000199e+30 0 0 0 0 0 0 0 0 0 0 0 0 0 0 0 0 0 0 0 0 0 0 0 0 0 0 0 0 0 0 0 
-103990.39378971052065 -103998.24320698103111 0.0065111366362795124185 0.011874593392198489958 0.39077612629865382532 0.067363896843218265542 0.98038378369376188992 0.0014350849324805783121 1.9517648652607091364 0.63648736200403044361 0.74444682169842701924 0.33514963010402692989 0.92211571394513991429 0.00037091096239848952596 0.034158785295918460412 0.0010796139117188350773 -0.98392720364208863248 0.64229831891134381294 0.45374541031196713448 0.32065851218067109585 0.0047217643936164673674 0.00128239587647840372 1.8744367974577471614 0.96095386974056695717 -0.0029321842969799631964 1.4366966227189399419 -1.9608999993650300109 -0.1976982259741499881 -0.26775523172599574595 0.52774808216166113617 -0.20900678034871439381 0.34403158945241857358 0.5 
