-1.0000000000000000199e+30 -1.0000000000000000199e+30 0 0 0 0 0 0 0 0 0 0 0 0 0 0 0 0 0 0 0 0 0 0 0 0 0 0 0 0 0 0 0 
-1.0000000000000000199e+30 -1.0000000000000000199e+30 0 0 0 0 0 0 0 0 0 0 0 0 0 0 0 0 0 0 0 0 0 0 0 0 0 0 0 0 0 0 0 
-1.0000000000000000199e+30 -1.0000000000000000199e+30 0 0 0 0 0 0 0 0 0 0 0 0 0 0 0 0 0 0 0 0 0 0 0 0 0 0 0 0 0 0 0 
1546.712327448345377 1535.6381005567136526 0.0047497604779957146304 0.0066090944829560538745 0.66075884025364017837 0.16057415924146042907 0.86119600063157519809 0.033633840816223378734 2.9362234442879464602 0.10441613846730801729 0.99709851714304986725 0.87088566204146888872 0.88869026438951304048 0.00035096582963781256274 0.003639859521262077402 0.0012568150562782254547 0.021028896363602556097 0.052609201795143563374 0.9766964266442349496 0.59916995059392685885 0.00037006876592192509403 0.0050841566173231867581 4.2162433632015678953 0.99728030216829866017 -0.021190986841659226886 -1.714433046086826451 -1.2514131231642826592 -0.94587082940069189263 0.0021092439184609368744 -0.0040146984832800935994 0.000243963304722389691 0.6619726059291644038 0.5 
-1.0000000000000000199e+30 -1.0000000000000000199e+30 0 0 0 0 0 0 0 0 0 0 0 0 0 0 0 0 0 0 0 0 0 0 0 0 0 0 0 0 0 0 0 
1524.6381953788722967 1514.4306243978878683 0.005118814376942549399 0.0074126205826845334088 0.97014244768787183393 0.40480299250459556015 0.87493581977904877345 0.054889590337360225081 2.8735964985287845153 0.048510060340496312381 0.99225850974772289437 0.9647821248627685975 0.87657693758784582805 0.00043142604135302717577 0.0016434940809480855922 0.0013591253927136819762 -0.03565195110671423584 0.42470125666973779222 0.62815082365733143632 0.47505971670112867589 0.0008010357047532203718 0.0048332012189883288497 1.9556059695764602679 0.99728030216829866017 -0.0016592655302140610699 -1.714433046086826451 -1.2514131231642826592 -0.94587082940069189263 0.0036558279446956545508 0.0038232460441496984166 0.0012252899176344270605 0.71754189493931208599 0.5 
-1.0000000000000000199e+30 -1.0000000000000000199e+30 0 0 0 0 0 0 0 0 0 0 0 0 0 0 0 0 0 0 0 0 0 0 0 0 0 0 0 0 0 0 0 
1582.9442458670725955 1573.2091232815193962 0.0056108552097185061119 0.0099590705209419115584 0.31381088742738727504 0.23911788727986843517 0.96557309270359792386 0.0013983048144032787091 1.6012504478628952764 0.45936743815971581295 0.71972723720081466237 0.64915614122618303661 0.91849659634695057786 0.00040685791840713039997 0.011761001642147847143 0.0011132616787128265471 0.93343311294847164383 0.016271419059829518583 0.99745889684529753794 0.62676663227166773407 0.00015908761514495434642 0.011775766317272718525 4.1540590483395503085 0.99728030216829866017 0.0037578290194371726483 -1.714433046086826451 -1.2514131231642826592 -0.94587082940069189263 0.0024278509530175863482 0.0016559911151596865778 -0.00039605903238353832576 0.76012441462278190762 0.5 
-1.0000000000000000199e+30 -1.0000000000000000199e+30 0 0 0 0 0 0 0 0 0 0 0 0 0 0 0 0 0 0 0 0 0 0 0 0 0 0 0 0 0 0 0 
-1.0000000000000000199e+30 -1.0000000000000000199e+30 0 0 0 0 0 0 0 0 0 0 0 0 0 0 0 0 0 0 0 0 0 0 0 0 0 0 0 0 0 0 0 
-1.0000000000000000199e+30 -1.0000000000000000199e+30 0 0 0 0 0 0 0 0 0 0 0 0 0 0 0 0 0 0 0 0 0 0 0 0 0 0 0 0 0 0 0 
1309.6880995851602165 1303.9143260708362959 0.0050642586159599430745 0.0095344951226843353831 0.58883102379198792864 0.92396118255540404807 0.36458495177309341306 0.85758207027576793813 3.4143604294085680984 0.079834852582389884135 0.9884903658387388381 0.80982177782198183635 0.040967106763810538783 0.0062973738549324323466 0.0043603973736624579774 0.0067685814659003999336 0.090119127508977173169 0.14202678518497352522 0.24197351854394158477 0.56030194140795430702 0.30352750877129885954 0.00010289697873429228675 5.0521051626171669113 0.99728030216829866017 0.0050753144302999250725 -1.714433046086826451 -1.2514131231642826592 -0.94587082940069189263 -0.89533788555858107028 0.52458161228110156138 -0.10864178212082777064 0.75070494149387645422 0.5 
-1.0000000000000000199e+30 -1.0000000000000000199e+30 0 0 0 0 0 0 0 0 0 0 0 0 0 0 0 0 0 0 0 0 0 0 0 0 0 0 0 0 0 0 0 
-1.0000000000000000199e+30 -1.0000000000000000199e+30 0 0 0 0 0 0 0 0 0 0 0 0 0 0 0 0 0 0 0 0 0 0 0 0 0 0 0 0 0 0 0 
-1.0000000000000000199e+30 -1.0000000000000000199e+30 0 0 0 0 0 0 0 0 0 0 0 0 0 0 0 0 0 0 0 0 0 0 0 0 0 0 0 0 0 0 0 
-1.0000000000000000199e+30 -1.0000000000000000199e+30 0 0 0 0 0 0 0 0 0 0 0 0 0 0 0 0 0 0 0 0 0 0 0 0 0 0 0 0 0 0 0 
-1.0000000000000000199e+30 -1.0000000000000000199e+30 0 0 0 0 0 0 0 0 0 0 0 0 0 0 0 0 0 0 0 0 0 0 0 0 0 0 0 0 0 0 0 
-1.0000000000000000199e+30 -1.0000000000000000199e+30 0 0 0 0 0 0 0 0 0 0 0 0 0 0 0 0 0 0 0 0 0 0 0 0 0 0 0 0 0 0 0 
-1.0000000000000000199e+30 -1.0000000000000000199e+30 0 0 0 0 0 0 0 0 0 0 0 0 0 0 0 0 0 0 0 0 0 0 0 0 0 0 0 0 0 0 0 
929.01323770870976659 921.02012429204671662 0.0069295132860208424191 0.014486092382038788517 0.96378792370512467169 0.61155471222028878753 0.11953947535173044259 0.080792447548236667743 2.0496590462937227528 0.21481322151174275792 0.74435263240437887777 1.5841086070447481064e-07 0.45810639268428610116 0.0020338760386968707944 2.1289928143457226284 0.002416173718430092085 1.0075286249502033442 0.049320962666220845294 2.5839475384492792084e-07 0.25884611116877559445 0.01734176379527565745 4.5616728130933393898e-05 6.1330656340630822498 0.99728030216829866017 0.0050740569442101540396 -1.714433046086826451 -1.2514131231642826592 -0.94587082940069189263 -0.70604935560648440784 -0.48020706281402542048 0.0478056629589337298 0.75070864242501222918 0.5 
-1.0000000000000000199e+30 -1.0000000000000000199e+30 0 0 0 0 0 0 0 0 0 0 0 0 0 0 0 0 0 0 0 0 0 0 0 0 0 0 0 0 0 0 0 
1480.1092276220695112 1488.9127723740507463 0.0057616212211829527859 0.0090182456627950925016 0.95944159426227759724 0.057707444155026293986 0.93584009878625484813 0.91847198846373157011 2.8972259483773661337 0.060983344516557382031 0.99981959782418250438 0.92288773028017967448 0.84117842174556756163 0.0054967405699724572118 0.0016144231120380023864 0.0013449697555420125298 0.60619280245113404959 0.79951347642677061955 0.99802746274032916318 0.47893330804191980299 0.029490092671867931817 0.029377368615551117947 5.1636636194183571646 0.99728030216829866017 0.0048144765565545843619 -1.714433046086826451 -1.2514131231642826592 -0.94587082940069189263 -0.0017599839833123745707 -0.0022188682266792345531 -0.004063568622894718485 0.75121657475238956536 0.5 
-1.0000000000000000199e+30 -1.0000000000000000199e+30 0 0 0 0 0 0 0 0 0 0 0 0 0 0 0 0 0 0 0 0 0 0 0 0 0 0 0 0 0 0 0 
-1.0000000000000000199e+30 -1.0000000000000000199e+30 0 0 0 0 0 0 0 0 0 0 0 0 0 0 0 0 0 0 0 0 0 0 0 0 0 0 0 0 0 0 0 
-1.0000000000000000199e+30 -1.0000000000000000199e+30 0 0 0 0 0 0 0 0 0 0 0 0 0 0 0 0 0 0 0 0 0 0 0 0 0 0 0 0 0 0 0 
1397.6484741804770238 1398.658813839477034 0.0042862164359736233329 0.0065275738775902635361 0.96865097274700118213 0.061027472212778717531 0.8063424421496515615 0.88750266663361332409 2.8155692955410911438 0.12093136548764661653 0.99965784367969579005 0.9613212597543105975 0.82262492949736099046 0.0049540104067772212926 0.0017848951133364640131 0.0013083793168417207509 0.18727636753221452159 0.089242507506495996616 0.0070893322077556011895 0.75414169964406507773 0.11651508485329203912 8.4548546112425671233e-05 1.1579320158259922557 0.99728030216829866017 0.004814466474637756066 -1.714433046086826451 -1.2514131231642826592 -0.94587082940069189263 0.98947950122501016068 -0.052991291406452319113 0.96700868611999757363 0.75122333730470769453 0.5 
-1.0000000000000000199e+30 -1.0000000000000000199e+30 0 0 0 0 0 0 0 0 0 0 0 0 0 0 0 0 0 0 0 0 0 0 0 0 0 0 0 0 0 0 0 
1298.4448905418573759 1318.8977590390247769 0.0048250198191853461288 0.0072067197480473899757 0.76200523344020421046 0.00042369110465385369105 0.0083631585802852355382 0.44713076609268948003 3.61616649799351908 0.5808477367178358497 0.99968026212990201973 0.1716636923241370849 0.97811476853422707478 0.0038263660665697600029 4.8158496179969834117 0.0011290946857407237278 -0.48508432700233478085 0.43654906357976303033 0.026996535392328067926 0.34218916655337394683 20.525279774708497627 0.00014429304820306446035 1.8032933789513676537 0.99728030216829866017 -0.0022623563191176165356 -1.714433046086826451 -1.2514131231642826592 -0.94587082940069189263 1.2001520161558034694 1.2905689050777797711 0.84049311176948759972 0.81490327454637523363 0.5 
-1.0000000000000000199e+30 -1.0000000000000000199e+30 0 0 0 0 0 0 0 0 0 0 0 0 0 0 0 0 0 0 0 0 0 0 0 0 0 0 0 0 0 0 0 
470.32096178265697972 451.18559490853795069 0.0052958857250497218261 0.0094473732803393439816 0.93015473462058451126 0.34114822055688109881 0.78677280808495975162 0.10514420859105109984 2.6996539923249578408 0.21096842573357332817 0.98784339344455829313 0.8989047754456852557 0.81027740926082136852 0.00061084255148604726243 0.0022903165561441074689 0.0012711966883344222746 0.15288967911969131297 0.0059877300262205805301 2.746080688937704533e-10 0.36840322495440741557 0.0072175050541874331139 0.00015692325333407379962 3.9605052605065478311 0.99728030216829866017 -0.0022623563191176165356 -1.714433046086826451 -1.2514131231642826592 -0.94587082940069189263 -0.34018140173330763121 0.85362736338449685114 0.049599419506463980623 0.81490327454637523363 0.5 
-1.0000000000000000199e+30 -1.0000000000000000199e+30 0 0 0 0 0 0 0 0 0 0 0 0 0 0 0 0 0 0 0 0 0 0 0 0 0 0 0 0 0 0 0 
-1.0000000000000000199e+30 -1.0000000000000000199e+30 0 0 0 0 0 0 0 0 0 0 0 0 0 0 0 0 0 0 0 0 0 0 0 0 0 0 0 0 0 0 0 
-1.0000000000000000199e+30 -1.0000000000000000199e+30 0 0 0 0 0 0 0 0 0 0 0 0 0 0 0 0 0 0 0 0 0 0 0 0 0 0 0 0 0 0 0 
-1.0000000000000000199e+30 -1.0000000000000000199e+30 0 0 0 0 0 0 0 0 0 0 0 0 0 0 0 0 0 0 0 0 0 0 0 0 0 0 0 0 0 0 0 
-1.0000000000000000199e+30 -1.0000000000000000199e+30 0 0 0 0 0 0 0 0 0 0 0 0 0 0 0 0 0 0 0 0 0 0 0 0 0 0 0 0 0 0 0 
-1.0000000000000000199e+30 -1.0000000000000000199e+30 0 0 0 0 0 0 0 0 0 0 0 0 0 0 0 0 0 0 0 0 0 0 0 0 0 0 0 0 0 0 0 
-1.0000000000000000199e+30 -1.0000000000000000199e+30 0 0 0 0 0 0 0 0 0 0 0 0 0 0 0 0 0 0 0 0 0 0 0 0 0 0 0 0 0 0 0 
1480.8967722885026888 1470.4244642597295751 0.0041106756116887476632 0.0057396259950898672123 0.77367016378580089064 0.12618179141958973943 0.9374682143456475325 0.056685677992416978743 2.7854434480923653261 0.12406795152256344661 0.99959435396633378179 0.91460818883798222778 0.87388902622777808737 0.00042736203678773532558 0.0031945020927134299207 0.0012351173205552739339 -0.04419365038662276951 0.58956527004021730409 0.011555564620060777836 0.57588037198735653188 0.0041321762579549208699 0.00016618527069253564272 3.8226954041327627642 0.99728030216829866017 0.0012687542476235941311 -1.714433046086826451 -1.2514131231642826592 -0.94587082940069189263 -1.0006419468655507465 0.660285545244778449 -0.1674013386741847742 0.82723558839975741552 0.5 
-1.0000000000000000199e+30 -1.0000000000000000199e+30 0 0 0 0 0 0 0 0 0 0 0 0 0 0 0 0 0 0 0 0 0 0 0 0 0 0 0 0 0 0 0 
1397.9804394916548063 1394.1272860227550154 0.0049180117327655165776 0.0081968303278358075475 0.93760233184514818472 0.19803928806601703294 0.87676680510529103607 0.15550767015049810071 2.7418967673924714568 0.15286062506484235368 0.99829163180162305835 0.93231961198970336735 0.85341159023393164951 0.00094012174349648023643 0.0021611678772251738737 0.0012530597295543404943 -1.1129660346616114808 0.91589883625337620288 0.59726474399668882942 0.60429252397452781764 0.077454131932842673613 0.00013549944819717525376 3.5809338881318102388 0.99728030216829866017 0.0032675508853327308798 -1.714433046086826451 -1.2514131231642826592 -0.94587082940069189263 1.47020317574175996 -1.5117602500587257186 -0.03055115801966992034 0.82054059839100756957 0.5 
-1.0000000000000000199e+30 -1.0000000000000000199e+30 0 0 0 0 0 0 0 0 0 0 0 0 0 0 0 0 0 0 0 0 0 0 0 0 0 0 0 0 0 0 0 
1461.7872643322355088 1459.3555680358597328 0.005442771496796956765 0.0093257224348138652997 0.87808172211333923585 0.1085423455919119623 0.91255990399438502436 0.24046687768458674395 3.7845667073607978104 0.072554378145490941443 0.99833574781008793675 0.92793833548625559438 0.87159854715543239045 0.0015600411891861128144 0.0024412432760475390528 0.0014324722046295823314 -0.090219017498702688829 0.18186111918785607955 0.3387117375181604717 0.90179243536466013875 6.7653136921163938857e-05 0.040864196980603950671 2.052010826141453137 0.99728030216829866017 0.0032678506437847825231 -1.714433046086826451 -1.2514131231642826592 -0.94587082940069189263 -0.13684276391314614818 0.49183221385721198615 -0.58788960961805625249 0.82054210450593156878 0.5 
-1.0000000000000000199e+30 -1.0000000000000000199e+30 0 0 0 0 0 0 0 0 0 0 0 0 0 0 0 0 0 0 0 0 0 0 0 0 0 0 0 0 0 0 0 
-12914892.423641253263 -12914901.586464216933 0.0052793628366803605281 0.0083430702695483811848 0.81995487726819804575 0.23664118099984435273 0.96686702856603368161 0.13596009959904009623 2.9359206184677399953 0.049955203364911097974 0.98942068009914996285 0.93605173498494720352 0.8533695763667520362 0.00086476657896717573637 0.0016120816270859595655 0.0013677012164711207891 0.96597296880588334744 0.54169540759176015854 0.68292471067979931831 0.91881198878400027752 0.0042320392210967840499 0.0019630640186369418577 1.9085994210327044129 0.99728030216829866017 0.0032678506437847825231 -1.714433046086826451 -1.2514131231642826592 -0.94587082940069189263 -0.0023206455238524762406 0.74409213459045753236 1.2876672799172657058 0.82054210450593156878 0.5 
-1.0000000000000000199e+30 -1.0000000000000000199e+30 0 0 0 0 0 0 0 0 0 0 0 0 0 0 0 0 0 0 0 0 0 0 0 0 0 0 0 0 0 0 0 
-1.0000000000000000199e+30 -1.0000000000000000199e+30 0 0 0 0 0 0 0 0 0 0 0 0 0 0 0 0 0 0 0 0 0 0 0 0 0 0 0 0 0 0 0 
-1.0000000000000000199e+30 -1.0000000000000000199e+30 0 0 0 0 0 0 0 0 0 0 0 0 0 0 0 0 0 0 0 0 0 0 0 0 0 0 0 0 0 0 0 
-18045610.350770682096 -18045619.643443413079 0.0049565592526024590536 0.008419888839840307046 0.96279474110071638915 0.33560191270742734115 0.81173883727711937386 0.12516000129096008231 2.9020685167246331737 0.23321835171188889935 0.99930327325504353375 0.93866888228459410826 0.81119681348943983856 0.00071062298102484127826 0.001957543936778349293 0.0013271754952495153253 1.4970634084951792708 0.45708382385782897472 0.35103495791554450989 0.45264588412828743458 0.00015764404553920031028 0.0040132702095434071368 1.8405165837612003088 0.99728030216829866017 0.0032678506437847825231 -1.714433046086826451 -1.2514131231642826592 -0.94587082940069189263 -0.57168742356089519152 -0.19208096747802866355 -1.3769606294630210019 0.82054210450593156878 0.5 
-1.0000000000000000199e+30 -1.0000000000000000199e+30 0 0 0 0 0 0 0 0 0 0 0 0 0 0 0 0 0 0 0 0 0 0 0 0 0 0 0 0 0 0 0 
-130758.21141830430133 -130770.31852088739106 0.0056464203190989790959 0.0085450290516018868187 0.48109077545814216137 0.75159823009744286537 0.73939691204577684402 0.2581768303643912077 2.9954859336838124406 0.81977365724742412567 0.7796573572326451762 0.91722847814671693012 0.06848954339511692524 0.0022100274683907626325 0.0067464133072644471081 0.00030720551731064913489 -0.73221771057085505152 0.39557903166860342026 0.59039003518410027027 0.94765071268193423748 0.0058929452556185420858 0.0086457028775475917859 2.0912804637337103486 0.99728030216829866017 0.0032678506437847825231 -1.714433046086826451 -1.2514131231642826592 -0.94587082940069189263 0.17016163396323760737 -0.62755591527471432656 0.71711370712461519616 0.82054210450593156878 0.5 
