-1.0000000000000000199e+30 -1.0000000000000000199e+30 0 0 0 0 0 0 0 0 0 0 0 0 0 0 0 0 0 0 0 0 0 0 0 0 0 0 0 0 0 0 0 
1527.812304546921041 1524.211132801955273 0.0050066537393747495913 0.0065595407134510968009 0.73306591354613881428 0.029928579887507422014 0.36722033338074699937 0.128957379689950552 2.7247717137378839602 0.32439732394273063099 0.98600790084680667302 0.88442912465696132962 0.94207538608435703598 0.0011934868487328961426 0.017275168963757199514 0.0011594555817608150766 0.22552287927164363368 0.98858403939638839208 0.93994913446339312113 0.59442358638534553705 0.00079533993883866820757 0.03275294507877135608 3.9874971174437647825 0.99728030216829866017 -0.020599608357778971535 -1.714433046086826451 -1.2514131231642826592 -0.94587082940069189263 0.006695622466385922969 0.0039557686173537411761 0.0012611542707891268064 0.49024824860347598898 0.5 
-1.0000000000000000199e+30 -1.0000000000000000199e+30 0 0 0 0 0 0 0 0 0 0 0 0 0 0 0 0 0 0 0 0 0 0 0 0 0 0 0 0 0 0 0 
1350.1351356029035742 1345.9758293315283026 0.0035213045861986281074 0.0071793070991123244737 0.86237875247684614433 0.78465876421200742019 0.89690486968047855587 0.046908396670220856017 1.8457650822743119079 0.24858783737225481625 0.91913355086287962248 0.77605981845820704024 0.78304318682741014257 0.00030734857317183718068 0.0031854010525472833959 0.001180430939975310586 -0.14721083290492700812 0.16673016309376562094 0.30445628604154878483 0.31181333981639930419 0.42104910429649661241 0.11964565622677307555 2.4946274577783977833 0.99728030216829866017 -0.020599608357778971535 -1.714433046086826451 -1.2514131231642826592 -0.94587082940069189263 -1.0438029944819644523 -0.75401393748664546912 -0.14880107292648248052 0.49024824860347598898 0.5 
-1.0000000000000000199e+30 -1.0000000000000000199e+30 0 0 0 0 0 0 0 0 0 0 0 0 0 0 0 0 0 0 0 0 0 0 0 0 0 0 0 0 0 0 0 
1399.4537260779818553 1397.7038072549794379 0.0053161712410501969078 0.0088164320612040859848 0.8261048960135339847 0.042468797201610709868 0.72485652445751436179 0.22385155547223981043 2.3597093143086196321 0.052181972210067366358 0.9975575910778515798 0.90161572440007131668 0.88229319942897765916 0.0016608050298425899947 0.003595596892060515682 0.0012394426960477956771 -0.72506692679584372474 0.71437861944952218973 0.25783391670405980678 0.59899541819615154115 0.081973197112717458013 0.02432791427195619971 2.1622983464774225837 0.99728030216829866017 -0.041828483500727570155 -1.714433046086826451 -1.2514131231642826592 -0.94587082940069189263 1.3383980890846209899 1.9616508663312335337 0.49091732404435134418 0.78496927060995247416 0.5 
-1.0000000000000000199e+30 -1.0000000000000000199e+30 0 0 0 0 0 0 0 0 0 0 0 0 0 0 0 0 0 0 0 0 0 0 0 0 0 0 0 0 0 0 0 
1448.64059667587685 1438.6450455917038198 0.0048119257336416299681 0.0079950363118469792989 0.9136575316781676559 0.37276548463503927922 0.26230768467464049554 0.51353405258968287672 3.3212954742961704468 0.16470878676228911663 0.98248941719388094285 0.98649389251893448982 0.84904881116650698925 0.0034104800991381508356 0.0018813078090989601709 0.0013602976285600220686 0.57592545006440765132 0.55783065405321929919 0.3604516990377360508 0.30779644271671902089 0.030634361079698496644 0.00015259227778414771325 2.0062213928626961845 0.99728030216829866017 0.019205926521407547247 -1.714433046086826451 -1.2514131231642826592 -0.94587082940069189263 0.055732240410417938081 0.091211150766879980911 0.07278142182344367328 0.87094217747500146665 0.5 
-1.0000000000000000199e+30 -1.0000000000000000199e+30 0 0 0 0 0 0 0 0 0 0 0 0 0 0 0 0 0 0 0 0 0 0 0 0 0 0 0 0 0 0 0 
1437.4441876020659947 1443.2362997253956109 0.0050201623612025261106 0.0059370127912114836755 0.84387102646797707006 0.04498097376456030444 0.95244213872610861138 0.19744349161816601712 3.3451652747013649325 0.044633263868502706662 0.99978416523331059551 0.94583624543459177136 0.91329830114037169331 0.0013476639672161463968 0.0026055367635289088113 0.0012237668990944632064 1.2951249340882502459 0.0038879333367974030014 0.98249846386690964373 0.56996368315030099261 0.0013489961216074848084 0.2142999679867435836 2.0855550098984694252 0.99728030216829866017 0.017965408481098645715 -1.714433046086826451 -1.2514131231642826592 -0.94587082940069189263 0.10417056323654202976 -0.35556758838423030422 0.024602708255240149371 0.8758245305358569599 0.5 
-1.0000000000000000199e+30 -1.0000000000000000199e+30 0 0 0 0 0 0 0 0 0 0 0 0 0 0 0 0 0 0 0 0 0 0 0 0 0 0 0 0 0 0 0 
1573.4414098262234347 1560.1604724032181366 0.0054077546154673661674 0.0085755364394533278166 0.76790559559554072422 0.3194698760469245058 0.9521133091935828352 0.045068464714170433649 3.0693777221701759039 0.15111884205567124861 0.98558770912542270626 0.94262806125250508948 0.85926045533424288969 0.00037624073033616731859 0.0020783941042276212266 0.0012806144740775272494 -0.04738079257704427838 0.06615844711185259186 0.90289025963213143111 0.59541333142036767523 0.00019534954745120282197 0.0055576799616274385335 4.6675048282104913966 0.99728030216829866017 0.0002293601241410148095 -1.714433046086826451 -1.2514131231642826592 -0.94587082940069189263 -0.00092507484133799841499 0.0031397481610140960846 -0.00031946305423397768812 0.88642738546777644082 0.5 
-1.0000000000000000199e+30 -1.0000000000000000199e+30 0 0 0 0 0 0 0 0 0 0 0 0 0 0 0 0 0 0 0 0 0 0 0 0 0 0 0 0 0 0 0 
1555.871288873958747 1544.4259568423199198 0.0035818407473957934554 0.0035552843566808924221 0.62110234008647668968 0.15392619606676405386 0.87851556050756540728 0.015391621285167727401 2.94704442849415571 0.092727645183991846967 0.99921080655067129328 0.93961290704838662524 0.82523163559113810184 0.00021017728682295132563 0.0033782273903316265354 0.001208065382263999888 -0.013952674699827197907 0.72295360112073703274 0.22258181677757007955 0.59471968456570512007 0.00066446387435113902793 0.00036103397404880133072 3.9073927694692320856 0.99728030216829866017 -0.00076731845471281093056 -1.714433046086826451 -1.2514131231642826592 -0.94587082940069189263 0.0057719863168692858019 0.000272770310720467455 -0.0020269960448713593253 0.74200280381403427299 0.5 
-1.0000000000000000199e+30 -1.0000000000000000199e+30 0 0 0 0 0 0 0 0 0 0 0 0 0 0 0 0 0 0 0 0 0 0 0 0 0 0 0 0 0 0 0 
990.00145263830575004 982.2686618971115422 0.0035841156439529479535 0.01314170989556294987 0.55495929220523099179 0.39353672135478262595 0.78614572808965743622 0.002267697783053785384 1.4583824313879409917 0.57208849846054199428 0.86870460393814064037 0.90038797390221858574 0.056521340781036495671 0.00018704449727256669111 0.0038836173416030199748 0.0074132229126866603167 0.51623000163328658374 0.080934632526765873384 0.15184883145296010354 0.38929973734787198802 0.053283691355263687606 0.00010472892602218748315 1.3385036360609297024 0.99728030216829866017 -0.00076731845471281093056 -1.714433046086826451 -1.2514131231642826592 -0.94587082940069189263 -0.74336339322855327083 0.11307649030757233044 -1.0970199418128558921 0.74200280381403427299 0.5 
-1.0000000000000000199e+30 -1.0000000000000000199e+30 0 0 0 0 0 0 0 0 0 0 0 0 0 0 0 0 0 0 0 0 0 0 0 0 0 0 0 0 0 0 0 
-634599.89242854667827 -634610.10511105996557 0.0047991247215832351022 0.0080186665282660999493 0.95986063429623758037 0.55542732047735388079 0.6545161779127499635 0.80077609939880256551 2.8933370844976034064 0.15302423167550230354 0.99608454836260329479 0.95454424481885091769 0.68311181801243436862 0.0043231312633327349804 0.0012158651013902807211 0.0018326473698227578862 -1.0951733920991502114 0.14451347803696990013 0.1237149043008685112 0.8740675260778516531 0.0066680180584080513476 0.00064396638190373774006 2.2412261879071593285 0.99728030216829866017 -0.00076731845471281093056 -1.714433046086826451 -1.2514131231642826592 -0.94587082940069189263 -0.29667866835850559282 1.2974621397587788874 0.76824380349021226255 0.74200280381403427299 0.5 
-1.0000000000000000199e+30 -1.0000000000000000199e+30 0 0 0 0 0 0 0 0 0 0 0 0 0 0 0 0 0 0 0 0 0 0 0 0 0 0 0 0 0 0 0 
1389.6852890698266947 1383.2238882189681135 0.0043310707089373552334 0.0056389497158313740821 0.83430090092133146751 0.38563549841928168593 0.88635903758937240049 0.14376129471452403497 3.2582594767934147661 0.13514762888718021006 0.99100961895015304837 0.93455728621165068404 0.84521156725065160753 0.0010028397090016626624 0.0018166855844290283502 0.0013657598870786347503 -0.879135499513110652 0.14392942174668144073 0.65901669135596130378 0.39125240816356993134 1.1962073317398866923 0.00016250559358416716044 5.3973411915257454297 0.99728030216829866017 0.0027701106196357763896 -1.714433046086826451 -1.2514131231642826592 -0.94587082940069189263 1.9003108461703117626 0.21063641747253886161 0.33018127609911823717 0.72314643331857753061 0.5 
-1.0000000000000000199e+30 -1.0000000000000000199e+30 0 0 0 0 0 0 0 0 0 0 0 0 0 0 0 0 0 0 0 0 0 0 0 0 0 0 0 0 0 0 0 
1455.7263193780513575 1456.6597255375675104 0.0030584035295860849575 0.0027103701634921210234 0.75405780102007302634 0.5579983624979099055 0.82413243941272384951 0.076980578127925802789 3.072127107230768317 0.1840260444668528339 0.99072010009145339282 0.97306653451175384451 0.79659034232030456746 0.00058777107382571177306 0.0014958969512912268125 0.0014184155224072237268 -0.41925548229221376584 0.93418725029353033573 0.99866232724838754908 0.62336904715738450378 0.00010946101035526844235 0.0024450332825419114104 4.0726741772127716956 0.99728030216829866017 0.0309329280643877505 -1.714433046086826451 -1.2514131231642826592 -0.94587082940069189263 -1.0094058684497289047 -2.231269812758016613 0.87697288228876013605 0.60153188551566738607 0.5 
-1.0000000000000000199e+30 -1.0000000000000000199e+30 0 0 0 0 0 0 0 0 0 0 0 0 0 0 0 0 0 0 0 0 0 0 0 0 0 0 0 0 0 0 0 
1199.7891897587312542 1190.4641670577361765 0.005014067720511671683 0.0094331492716839184659 0.84156571067997298918 0.17869006399319081746 0.86215821711706208674 0.1293803286707181921 3.0959864257664819753 0.18577545596969488595 0.9979847834118048544 0.89172338531814554496 0.83797039262629813283 0.00085171570870710695648 0.0028675016396955111363 0.0013234583318494916922 -0.58532752993618242243 0.11461621180043070345 0.30701888792337389544 0.33448154252067519021 9.3113793227484213579e-05 0.24549201303475948199 4.5999192761603344692 0.99728030216829866017 0.0309229663529954589 -1.714433046086826451 -1.2514131231642826592 -0.94587082940069189263 0.020765231539546590012 -0.21685948444875921548 0.026038254476881333294 0.60244188151766064898 0.5 
-1.0000000000000000199e+30 -1.0000000000000000199e+30 0 0 0 0 0 0 0 0 0 0 0 0 0 0 0 0 0 0 0 0 0 0 0 0 0 0 0 0 0 0 0 
1527.2571613066411373 1509.9436836517222673 0.0047759588089697239607 0.0080190380196685229208 0.83273838418976697806 0.29971118253575124157 0.79595825257691776855 0.038613234358649592415 2.6011748983756044495 0.21812110536141160466 0.97769257835515444022 0.90427474727677981114 0.84141810142269812811 0.00029697758867575476185 0.0028427701622972928984 0.0012386613450675410062 -0.032291837977901000079 0.0042233732217968117037 0.84105812522171863321 0.6311217767668494405 0.00014686801617626283429 0.010677674187948574952 5.0417869969827346921 0.99728030216829866017 0.0015731085177165349352 -1.714433046086826451 -1.2514131231642826592 -0.94587082940069189263 0.14328630841180614586 0.094211216180164508716 -0.0048395819706168723834 0.6002193148631176367 0.5 
-1.0000000000000000199e+30 -1.0000000000000000199e+30 0 0 0 0 0 0 0 0 0 0 0 0 0 0 0 0 0 0 0 0 0 0 0 0 0 0 0 0 0 0 0 
-1.0000000000000000199e+30 -1.0000000000000000199e+30 0 0 0 0 0 0 0 0 0 0 0 0 0 0 0 0 0 0 0 0 0 0 0 0 0 0 0 0 0 0 0 
-1.0000000000000000199e+30 -1.0000000000000000199e+30 0 0 0 0 0 0 0 0 0 0 0 0 0 0 0 0 0 0 0 0 0 0 0 0 0 0 0 0 0 0 0 
-1.0000000000000000199e+30 -1.0000000000000000199e+30 0 0 0 0 0 0 0 0 0 0 0 0 0 0 0 0 0 0 0 0 0 0 0 0 0 0 0 0 0 0 0 
-1.0000000000000000199e+30 -1.0000000000000000199e+30 0 0 0 0 0 0 0 0 0 0 0 0 0 0 0 0 0 0 0 0 0 0 0 0 0 0 0 0 0 0 0 
-3255473397.3445286751 -3255473406.3424463272 0.0051505748464564706651 0.008314386053108300742 0.90635719628668387493 0.57273949550590552704 0.56504323273960133101 0.52194248431381107256 3.5282059666909009188 0.2189600296987140593 0.99157241947730778708 0.95127056719867764123 0.799191482861828284 0.0029525558802312944738 0.0014538189069527680461 0.0015518187612983910285 0.56325175406707383985 0.25380610814318060875 0.80148740904405713081 0.88187251891940832138 0.0042508751410059632952 0.0039345791260711852899 2.4197257163468748331 0.99728030216829866017 0.0015731085177165349352 -1.714433046086826451 -1.2514131231642826592 -0.94587082940069189263 0.20912514407557175611 -0.41952650387608042548 0.33797279374684385811 0.6002193148631176367 0.5 
-1.0000000000000000199e+30 -1.0000000000000000199e+30 0 0 0 0 0 0 0 0 0 0 0 0 0 0 0 0 0 0 0 0 0 0 0 0 0 0 0 0 0 0 0 
-6623489.3717034058645 -6623500.1900600753725 0.0053010852936676358671 0.0084212865994747199139 0.79910182324476353166 0.33666711065398990943 0.99576234275997066447 0.08355414138746096453 3.3762557124364436234 0.23883928433801976388 0.98944546048044634823 0.89922986921435599239 0.85108750623809248381 0.00052736776948748148586 0.0022259595912666415608 0.0013176973550310139716 1.3680451424505213343 0.57066602981649339199 0.12979571591131389141 0.19633703515864908695 0.0017537500639446079558 0.00028150710277259350907 1.4494946250924840569 0.99728030216829866017 0.0015731085177165349352 -1.714433046086826451 -1.2514131231642826592 -0.94587082940069189263 0.20432215192846595042 -0.39705622773665738556 -0.3689999574258417403 0.6002193148631176367 0.5 
-1.0000000000000000199e+30 -1.0000000000000000199e+30 0 0 0 0 0 0 0 0 0 0 0 0 0 0 0 0 0 0 0 0 0 0 0 0 0 0 0 0 0 0 0 
1407.3228176223803985 1405.310207593189034 0.005077676748475025599 0.0087513424562703223675 0.96853796142179426898 0.28638242288581539086 0.66821298714487076253 0.92309605012339479568 2.9152013377593224419 0.11659549872762899059 0.99164707597855705767 0.9316951538653998055 0.77317293883636284413 0.0054958584121500356212 0.0015330952587375614848 0.0015112788802789224683 1.3122334365609453766 0.14290470541986449726 0.9908564397678477631 0.69003103013239042163 6.3400052389708073464e-05 0.6606037098017578657 3.1577420375694100763 0.99728030216829866017 0.0015734127222237514511 -1.714433046086826451 -1.2514131231642826592 -0.94587082940069189263 -0.27212355764903722877 -0.31918900809286449016 0.035532231463000663041 0.60022019422528338772 0.5 
-1.0000000000000000199e+30 -1.0000000000000000199e+30 0 0 0 0 0 0 0 0 0 0 0 0 0 0 0 0 0 0 0 0 0 0 0 0 0 0 0 0 0 0 0 
1584.2219085447454745 1571.853860341563859 0.0051405530154693826819 0.0072891602770173364104 0.79793094261419805768 0.11926030403143435266 0.91740021339215283014 0.065618750758050417571 3.6609055619863144493 0.14932846999843141234 0.97943780916351175225 0.89729879789415267766 0.89351140474636281397 0.00046952020148090061174 0.0044395063520292158549 0.0012909669187256768604 -0.0024667541223045807812 0.97310379606131325314 0.57822210395121997895 0.56471444859119979132 0.00046967782562801099581 0.00015792619762918899315 5.1191796883421263331 0.99728030216829866017 0.00017274807200193562995 -1.714433046086826451 -1.2514131231642826592 -0.94587082940069189263 -0.0020690693192620727113 -0.0015489859611538695037 -0.00067255534376171085664 0.57890042785384088209 0.5 
-1.0000000000000000199e+30 -1.0000000000000000199e+30 0 0 0 0 0 0 0 0 0 0 0 0 0 0 0 0 0 0 0 0 0 0 0 0 0 0 0 0 0 0 0 
1362.8323947278086052 1372.5053472253641758 0.0043731599247121789517 0.0055988129808417462507 0.91658157365346748513 0.8481721132784924011 0.35266298760995995476 0.75593884922313847596 3.4500042568763951145 0.08729624793130615068 0.99603245169995080488 0.94424469898038199123 0.78279331523233297574 0.005080935578497871967 0.0014415106925052430503 0.0015957649575916001486 0.81404606137260615562 0.016097238905591504388 0.54447214681511102441 0.43910193961286392295 0.035512930119342478452 1.0197627709886107894 1.7844985040130509901 0.99728030216829866017 0.024636191116180559957 -1.714433046086826451 -1.2514131231642826592 -0.94587082940069189263 -0.29027260913777119811 -2.2973681069134435084 -0.11645422238564284712 0.83829514825653606014 0.5 
-1.0000000000000000199e+30 -1.0000000000000000199e+30 0 0 0 0 0 0 0 0 0 0 0 0 0 0 0 0 0 0 0 0 0 0 0 0 0 0 0 0 0 0 0 
1531.1633722759127068 1515.7408474052901965 0.0055438375040975139754 0.009980436149317428729 0.78413713935953888168 0.088585692819822869915 0.56346794763619467705 0.11852584130014490182 2.3137280193448166443 0.12500475040874223231 0.99818008780096867394 0.86013186756630477525 0.88967573156090828945 0.0009046681030049388535 0.0052324160622926399467 0.0011630393275458654739 -0.14271027698073193712 0.01752629293029411145 0.20443281529273629737 0.63230732174046910821 0.0046156323370590765509 0.00011850005428623970887 3.2996582883440539469 0.99728030216829866017 0.042257922041910145339 -1.714433046086826451 -1.2514131231642826592 -0.94587082940069189263 0.013009552205352084911 0.010416453361758412285 -0.0071754017767436568953 0.84300157731752378698 0.5 
-1.0000000000000000199e+30 -1.0000000000000000199e+30 0 0 0 0 0 0 0 0 0 0 0 0 0 0 0 0 0 0 0 0 0 0 0 0 0 0 0 0 0 0 0 
-1.0000000000000000199e+30 -1.0000000000000000199e+30 0 0 0 0 0 0 0 0 0 0 0 0 0 0 0 0 0 0 0 0 0 0 0 0 0 0 0 0 0 0 0 
-1.0000000000000000199e+30 -1.0000000000000000199e+30 0 0 0 0 0 0 0 0 0 0 0 0 0 0 0 0 0 0 0 0 0 0 0 0 0 0 0 0 0 0 0 
1525.1457870579240534 1512.1703031874262706 0.0054632057450603680598 0.010387149818532316614 0.87931302928456833712 0.14092385487928488219 0.19168668359057808304 0.53876809892704224936 2.5232592677157157368 0.20986591838505666563 0.98613624052183423974 0.75705620467095258164 0.80092284932482871174 0.0038146183082205659121 0.0067353140207420609045 0.0013475620251772609491 -0.01254784339827859363 0.96344868184017540269 0.62028136941675782179 0.60158857618863237349 0.0026224022435312401187 0.00066609984179197083941 4.0520201238285213918 0.99728030216829866017 0.041519507460383492381 -1.714433046086826451 -1.2514131231642826592 -0.94587082940069189263 0.010273236482590470883 -0.0074013352431419130589 0.0012109073798431204978 0.45440623892315590293 0.5 
-1.0000000000000000199e+30 -1.0000000000000000199e+30 0 0 0 0 0 0 0 0 0 0 0 0 0 0 0 0 0 0 0 0 0 0 0 0 0 0 0 0 0 0 0 
-1.0000000000000000199e+30 -1.0000000000000000199e+30 0 0 0 0 0 0 0 0 0 0 0 0 0 0 0 0 0 0 0 0 0 0 0 0 0 0 0 0 0 0 0 
-1.0000000000000000199e+30 -1.0000000000000000199e+30 0 0 0 0 0 0 0 0 0 0 0 0 0 0 0 0 0 0 0 0 0 0 0 0 0 0 0 0 0 0 0 
1411.6058857409336724 1407.046240398511145 0.0047524228892952147946 0.0071994673379803808544 0.8616895776260112827 0.53590142023515163761 0.83187607072022584642 0.099408338428668460707 3.5877541589262000876 0.26806715952730852948 0.98984507188078996176 0.93714468879337031737 0.84384629855280046673 0.00068396698188303781119 0.0020765659724466031116 0.0014088303483146093816 0.02818029203655172954 0.010528259936810942937 0.67489843779555114267 0.62052276076813117633 0.46611526168395489567 0.0062124309667066024768 3.4544236839061546185 0.99728030216829866017 0.041519532216973638328 -1.714433046086826451 -1.2514131231642826592 -0.94587082940069189263 -0.20216323329923843732 0.22846404927184249534 0.076387613788188812869 0.45440618537520827136 0.5 
-1.0000000000000000199e+30 -1.0000000000000000199e+30 0 0 0 0 0 0 0 0 0 0 0 0 0 0 0 0 0 0 0 0 0 0 0 0 0 0 0 0 0 0 0 
1381.5908042862413367 1387.6357996298563648 0.0054256595838526209749 0.0086782883213006017237 0.74536367984265516906 0.068410447091009324305 0.75136010171811984382 0.069770724547634901946 3.4277841697848407954 0.1176190617228141666 0.99258579158613646776 0.92784435078794258445 0.89535699969288784494 0.00057258517456583858489 0.0039594576854640453276 0.0012437306572933432003 0.99033845205091874941 0.57013945752055228411 0.060120591435193902752 0.65508252616641782229 0.95630982243803153153 1.1937363170997701278 2.4464514737746845263 0.99728030216829866017 0.19243528785098831801 -1.714433046086826451 -1.2514131231642826592 -0.94587082940069189263 0.1175661428696856553 2.4072593746030683803 0.022247525486587302335 0.66797621885653757356 0.5 
-1.0000000000000000199e+30 -1.0000000000000000199e+30 0 0 0 0 0 0 0 0 0 0 0 0 0 0 0 0 0 0 0 0 0 0 0 0 0 0 0 0 0 0 0 
1471.8058616154946776 1454.1381434596239615 0.0043707358631875905738 0.0076757540378934435016 0.95219683555360645766 0.14018588133323839351 0.8070519033036567258 0.083338031792423286626 2.4283927496235651056 0.23891867165027783071 0.99789107345417205064 0.88888855759977380977 0.8459368083716534148 0.00047966293951126544618 0.0042686554115339940541 0.0011881639928897512123 -0.058057947338224537293 0.76225099913005367469 1.6702136868979044777e-08 0.58447088454857443196 0.00070620684605124134803 0.00016502368433289781231 3.4127770096287650681 0.99728030216829866017 0.19260206657944536901 -1.714433046086826451 -1.2514131231642826592 -0.94587082940069189263 2.4764794180060540896 0.55056778901343050858 0.48924078284960903495 0.66706042002099785737 0.5 
-1.0000000000000000199e+30 -1.0000000000000000199e+30 0 0 0 0 0 0 0 0 0 0 0 0 0 0 0 0 0 0 0 0 0 0 0 0 0 0 0 0 0 0 0 
-1.0000000000000000199e+30 -1.0000000000000000199e+30 0 0 0 0 0 0 0 0 0 0 0 0 0 0 0 0 0 0 0 0 0 0 0 0 0 0 0 0 0 0 0 
-1.0000000000000000199e+30 -1.0000000000000000199e+30 0 0 0 0 0 0 0 0 0 0 0 0 0 0 0 0 0 0 0 0 0 0 0 0 0 0 0 0 0 0 0 
1425.7538255425379248 1423.7880785461356936 0.0049342962255479417763 0.0092387944007284329012 0.72492050757495984925 0.057137191818911407803 0.32467294006772084991 0.18609008658796233338 3.983430163217976272 0.17661951494152167141 0.99182606291439856516 0.70474629950841760628 0.93988982068855286833 0.0015972984150460244925 0.016573007173342382825 0.0011824801988816276057 1.3301471351817741873 0.74787854138090670286 0.88507652578783291286 0.86387182935940798334 0.0049746499093821002629 0.00014573998558729396959 1.2719853819063640099 0.99728030216829866017 0.21310162483044223225 -1.714433046086826451 -1.2514131231642826592 -0.94587082940069189263 0.96614784280152110618 0.43104102602194677152 0.95393316887122014958 0.89189894337247488387 0.5 
-1.0000000000000000199e+30 -1.0000000000000000199e+30 0 0 0 0 0 0 0 0 0 0 0 0 0 0 0 0 0 0 0 0 0 0 0 0 0 0 0 0 0 0 0 
-1119363.4637903731782 -1119370.587032987969 0.0051259216858940640643 0.0086888245040318366069 0.99217159818726419207 0.20171024309918519912 0.9319959794408909648 0.20009015950024089392 2.8118767447741199739 0.17044527692159347487 0.99741839678109334155 0.95788619289218057684 0.82922716838721732824 0.0010184501213823192976 0.0016852890027914523702 0.0013019471080281173978 1.3804219363315022306 0.20097207836806774139 0.20462797232903540134 0.56651136418804526329 0.0030706237908452748732 0.0089973464072681964138 1.7828113364521414042 0.99728030216829866017 0.21310162483044223225 -1.714433046086826451 -1.2514131231642826592 -0.94587082940069189263 0.33921128982860732082 -0.16600209803929066865 0.70404061322047262195 0.89189894337247488387 0.5 
-1.0000000000000000199e+30 -1.0000000000000000199e+30 0 0 0 0 0 0 0 0 0 0 0 0 0 0 0 0 0 0 0 0 0 0 0 0 0 0 0 0 0 0 0 
-1.0000000000000000199e+30 -1.0000000000000000199e+30 0 0 0 0 0 0 0 0 0 0 0 0 0 0 0 0 0 0 0 0 0 0 0 0 0 0 0 0 0 0 0 
-1.0000000000000000199e+30 -1.0000000000000000199e+30 0 0 0 0 0 0 0 0 0 0 0 0 0 0 0 0 0 0 0 0 0 0 0 0 0 0 0 0 0 0 0 
-1.0000000000000000199e+30 -1.0000000000000000199e+30 0 0 0 0 0 0 0 0 0 0 0 0 0 0 0 0 0 0 0 0 0 0 0 0 0 0 0 0 0 0 0 
-1.0000000000000000199e+30 -1.0000000000000000199e+30 0 0 0 0 0 0 0 0 0 0 0 0 0 0 0 0 0 0 0 0 0 0 0 0 0 0 0 0 0 0 0 
276.12005834132526161 256.4424943760590736 0.0054027786315737381939 0.010035207044721794825 0.78062981148793264552 0.27686628438165472588 0.92173455743259302686 0.077328653741099193097 2.4359193676556447627 0.2768133074609115396 0.96925504793341932253 0.76256297658739446987 0.79372378273929666825 0.00041906615688251051127 0.0050286319648368800819 0.0013126294525775197841 -0.005547060273995878428 0.38005203150331445805 0.32371156553787855392 0.58745554295216162455 0.00063373464557034430746 0.00083896833090948746883 4.4412646214543256562 0.99728030216829866017 0.21310162483044223225 -1.714433046086826451 -1.2514131231642826592 -0.94587082940069189263 -0.68414923448949560569 0.14180452203688295731 0.055823373334107848076 0.89189894337247488387 0.5 
-1.0000000000000000199e+30 -1.0000000000000000199e+30 0 0 0 0 0 0 0 0 0 0 0 0 0 0 0 0 0 0 0 0 0 0 0 0 0 0 0 0 0 0 0 
1434.6529741996639586 1429.0472627337492213 0.0053623673846851056465 0.0096993531962749571923 0.80943031568491097261 0.22816006721766879384 0.70925557526419302778 0.093051709924365177962 2.8074013582543226875 0.21945824471769262431 0.99740311511141332979 0.90335082329865212802 0.83924906799346121744 0.00068832117721253477903 0.0028961867745357387435 0.0012688910079096239834 0.058216043799020712746 0.54638805105821863783 0.56327270991408429079 0.74002945090338534406 0.0060788302444986491019 0.391811189202186827 4.3752548779918871702 0.99728030216829866017 0.21314112097868195828 -1.714433046086826451 -1.2514131231642826592 -0.94587082940069189263 0.46871472259179475239 1.0236050067395425778 -0.043348311734138451901 0.88935846726641609727 0.5 
-1.0000000000000000199e+30 -1.0000000000000000199e+30 0 0 0 0 0 0 0 0 0 0 0 0 0 0 0 0 0 0 0 0 0 0 0 0 0 0 0 0 0 0 0 
-20294.141643660230329 -20295.591791452668986 0.0065592781116720292461 0.0070188137077881644979 0.18773032096214592457 0.19929047371260821819 0.69238713965751230717 0.55137766641564667225 4.2079143581911919725 0.37970213801600039005 0.88612754628993573025 0.87450558585114779309 0.21526146936230361462 0.0060219112830236553105 0.0042975725582800805222 0.00047253778902813794397 0.11252511728277457548 0.13546223035720442174 0.91840872555129471344 0.64348258576454764324 0.65788657586387810916 0.0078889950345736800652 3.7450184663551873143 0.99728030216829866017 0.21314112097868195828 -1.714433046086826451 -1.2514131231642826592 -0.94587082940069189263 -0.13020739445959492175 -0.16500465747778125802 -0.044009574628017446296 0.88935846726641609727 0.5 
-1.0000000000000000199e+30 -1.0000000000000000199e+30 0 0 0 0 0 0 0 0 0 0 0 0 0 0 0 0 0 0 0 0 0 0 0 0 0 0 0 0 0 0 0 
-1.0000000000000000199e+30 -1.0000000000000000199e+30 0 0 0 0 0 0 0 0 0 0 0 0 0 0 0 0 0 0 0 0 0 0 0 0 0 0 0 0 0 0 0 
-1.0000000000000000199e+30 -1.0000000000000000199e+30 0 0 0 0 0 0 0 0 0 0 0 0 0 0 0 0 0 0 0 0 0 0 0 0 0 0 0 0 0 0 0 
1385.4232987764403333 1381.0373021140405854 0.0048312194162574229397 0.0082055451128777868314 0.88769075170998446023 0.49571177027021606776 0.98930634986573384726 0.29306285926483049975 2.6763670836160953215 0.10689990904279771111 0.99661458807133140869 0.94758815140726104786 0.7842863622096752918 0.001908414385680484715 0.0013468878479973567502 0.0013653668151005157478 0.39280309718881195602 0.13364634087765947523 0.28676971947606522129 0.55750329341766935443 0.15799531693969165458 0.00015467145035115745883 1.3504982486725569668 0.99728030216829866017 0.21314117725587689023 -1.714433046086826451 -1.2514131231642826592 -0.94587082940069189263 2.0350805491613446208 -0.16748112504415399449 -0.27681802401901900446 0.88935925737840004768 0.5 
-1.0000000000000000199e+30 -1.0000000000000000199e+30 0 0 0 0 0 0 0 0 0 0 0 0 0 0 0 0 0 0 0 0 0 0 0 0 0 0 0 0 0 0 0 
1509.4967032480706166 1502.1084671619307755 0.0051333525280590217368 0.0067007280611817545204 0.70346040097964690485 0.40475340005349452754 0.94257333526042008653 0.082916799787372430508 4.1873878086908495888 0.073140131947874581497 0.98929046709710966034 0.95456090830747053477 0.85411272987392949929 0.00073334616131000990042 0.0017984367900140036962 0.0015921952193942248178 -0.021795040229808014531 0.45433719074529044235 0.02236983011666334592 0.57773050189098040796 0.00043207399212289885823 0.010131406844058499228 4.2096792036372061574 0.99728030216829866017 0.17601612163700347535 -1.714433046086826451 -1.2514131231642826592 -0.94587082940069189263 0.15796485579630537011 0.084739928697717389894 -0.014036717010792558458 0.94929404145244100643 0.5 
-1.0000000000000000199e+30 -1.0000000000000000199e+30 0 0 0 0 0 0 0 0 0 0 0 0 0 0 0 0 0 0 0 0 0 0 0 0 0 0 0 0 0 0 0 
-1.0000000000000000199e+30 -1.0000000000000000199e+30 0 0 0 0 0 0 0 0 0 0 0 0 0 0 0 0 0 0 0 0 0 0 0 0 0 0 0 0 0 0 0 
-1.0000000000000000199e+30 -1.0000000000000000199e+30 0 0 0 0 0 0 0 0 0 0 0 0 0 0 0 0 0 0 0 0 0 0 0 0 0 0 0 0 0 0 0 
1371.3852459802851627 1362.8846259571705559 0.0042806551924575754475 0.0095822096446780292284 0.57485036653481658142 0.57079430814120513116 0.63081408800834282147 0.012013885059784137899 2.0534862798352899738 0.96647772421265254472 0.87756994010030242581 0.8691276480529204207 0.87631973783635319641 0.00021982055661341832662 0.0044093414447279591015 0.0022015553035773199712 -0.0039122174185314013278 0.48791098728099041582 0.40915320506584507143 0.43512223711306330376 0.014883258895605537553 0.00010512480703596261268 4.4895321517001898215 0.99728030216829866017 0.17601612163700347535 -1.714433046086826451 -1.2514131231642826592 -0.94587082940069189263 -2.4067388260754740692 -0.79559006804156628956 -0.67934463815347490012 0.94929404145244100643 0.5 
-1.0000000000000000199e+30 -1.0000000000000000199e+30 0 0 0 0 0 0 0 0 0 0 0 0 0 0 0 0 0 0 0 0 0 0 0 0 0 0 0 0 0 0 0 
-7027308.2937535513192 -7027312.7851507226005 0.007401128346100450256 0.0075057650279874606192 0.53159501869231462479 0.0041285522747784852982 0.88890956365503370762 0.62295014946721494198 3.7838518043980000627 0.25217199861072003841 0.85350427008233964443 0.94169760127551849216 0.45674492605030536652 0.00071670819073915486772 0.00049159600166603922844 0.0053060887102037669269 0.055120731851478782515 0.3125163258167371616 0.83351123356540135489 0.73360569094480976293 0.74316601291970596499 0.00012684117620964129361 4.8592872299305289729 0.99728030216829866017 0.17601612163700347535 -1.714433046086826451 -1.2514131231642826592 -0.94587082940069189263 0.099667424981971092235 -0.1545832247343717214 -0.032931951945412013538 0.94929404145244100643 0.5 
-1.0000000000000000199e+30 -1.0000000000000000199e+30 0 0 0 0 0 0 0 0 0 0 0 0 0 0 0 0 0 0 0 0 0 0 0 0 0 0 0 0 0 0 0 
1452.7189147452636462 1450.7197257928273757 0.0048261041458838799603 0.008390322600803410899 0.85888197944347655088 0.22125339215883876864 0.8701073815306377135 0.064541185132132514179 2.5966824821706375737 0.20265162343162690384 0.99628548408156181182 0.93069491660975456337 0.83700554909042523821 0.00039558024678405584104 0.0021574680662193972125 0.0012426348695827971018 -0.10965807386069907625 0.68764322878084449542 0.05527919244117839026 0.46925270016464409872 0.030732468297111487088 0.80231320751231050004 4.9726306902170849256 0.99728030216829866017 0.17601612163700347535 -1.714433046086826451 -1.2514131231642826592 -0.94587082940069189263 -0.00037306571549167481198 -0.028737888373074754744 -0.012520463696115468125 0.94929404145244100643 0.5 
-1.0000000000000000199e+30 -1.0000000000000000199e+30 0 0 0 0 0 0 0 0 0 0 0 0 0 0 0 0 0 0 0 0 0 0 0 0 0 0 0 0 0 0 0 
1547.6431217070603452 1542.7226636165778473 0.0060491283477578849589 0.011163863438419420124 0.77611644762747267201 0.077375829327472986363 0.8984865977795282177 0.0777880672536419987 2.325696551659089728 0.093918203864158958383 0.99924979551697534763 0.92264925605511360907 0.8535550672517651094 0.00054558112252588381388 0.0031479125573722977274 0.001166677021254630079 2.3022089597609265432 0.20502577334679139565 0.89023105320288486997 0.64266771385236576286 0.00016773153885458767028 0.012243214621633139588 3.1038641517360763267 0.99728030216829866017 0.24521612687912158757 -1.714433046086826451 -1.2514131231642826592 -0.94587082940069189263 0.00044376295185207068495 -0.0020284471495057047538 -0.0010121074290380476478 0.99887746485079131897 0.5 
-1.0000000000000000199e+30 -1.0000000000000000199e+30 0 0 0 0 0 0 0 0 0 0 0 0 0 0 0 0 0 0 0 0 0 0 0 0 0 0 0 0 0 0 0 
-1.0000000000000000199e+30 -1.0000000000000000199e+30 0 0 0 0 0 0 0 0 0 0 0 0 0 0 0 0 0 0 0 0 0 0 0 0 0 0 0 0 0 0 0 
-1.0000000000000000199e+30 -1.0000000000000000199e+30 0 0 0 0 0 0 0 0 0 0 0 0 0 0 0 0 0 0 0 0 0 0 0 0 0 0 0 0 0 0 0 
-42770.934185047502979 -42783.019837843283312 0.0064827291564916221869 0.01282668578072369836 0.73064747739143498517 0.53813943764054306129 0.85177040356692701462 0.42754222213122217156 3.1349044398714758231 0.19772760902837660524 0.89324129256299933388 0.85076981012103880531 0.81503036760874381095 0.0030997563108670629466 0.0024328637720317722315 0.0014003644397544269627 0.20350834676374079946 0.067787744608022712511 4.7747158656793319161e-10 0.66953918508721699254 0.002407056463795037831 0.0018672639384031350113 5.0452972758762584249 0.99728030216829866017 0.24521612687912158757 -1.714433046086826451 -1.2514131231642826592 -0.94587082940069189263 -0.33936310529443036721 0.10315669073511722631 0.12079652991938590045 0.99887746485079131897 0.5 
-1.0000000000000000199e+30 -1.0000000000000000199e+30 0 0 0 0 0 0 0 0 0 0 0 0 0 0 0 0 0 0 0 0 0 0 0 0 0 0 0 0 0 0 0 
1488.2646604364613268 1474.3124603886499244 0.0043400089622106204426 0.0069027737684309040458 0.76218331837064279277 0.175816392732012855 0.045118886616548468937 0.32331648256912176587 2.4408493985938153337 0.20374101370104141795 0.99073892999376111934 0.80933746381414128912 0.87377665471499199601 0.0030588221071645204166 0.0056906451472412142648 0.0011414579916750331248 0.62493394077676212017 0.94323111780977431096 0.32880574679130786242 0.67138721264625511598 0.0023647053704172896552 0.00016233802437821154307 4.307557401265485808 0.99728030216829866017 0.21715530502454810646 -1.714433046086826451 -1.2514131231642826592 -0.94587082940069189263 0.15225544834003748584 0.053702766099945571654 -0.061374251115244013444 0.89719282337469397071 0.5 
-1.0000000000000000199e+30 -1.0000000000000000199e+30 0 0 0 0 0 0 0 0 0 0 0 0 0 0 0 0 0 0 0 0 0 0 0 0 0 0 0 0 0 0 0 
1476.6755102059651108 1483.4071912807337412 0.0052046477669543894998 0.0073821272457067731165 0.95798503107750054841 0.0094232159278726038143 0.69484831265249913379 0.78840311803392448819 3.2351063228053540399 0.037582084828159695311 0.9997164953364142681 0.89476506238305764107 0.86522919856956126416 0.0048645054699295075043 0.0066716713181725114529 0.001305910767832441045 -1.0989142900230779443 0.25518519167655667745 0.8247935450664879431 0.62264560777123845181 0.026668143013750263137 0.00010224786818720478434 1.549012170118613696 0.99728030216829866017 0.16916983731716828121 -1.714433046086826451 -1.2514131231642826592 -0.94587082940069189263 -0.02577306171187109321 0.018044563625960602371 0.029249098063779562645 0.98585966624321064167 0.5 
-1.0000000000000000199e+30 -1.0000000000000000199e+30 0 0 0 0 0 0 0 0 0 0 0 0 0 0 0 0 0 0 0 0 0 0 0 0 0 0 0 0 0 0 0 
1389.0717975721534003 1397.7266139323232892 0.0048328781153364579193 0.0075273686435033473896 0.8681012146318233258 0.070792059255827821662 0.95289615416301720607 0.15411248886253847701 2.2954024784636684053 0.056155286778670987502 0.99939539062847015938 0.91342554044676860237 0.86162040962363573016 0.0009818098758132096527 0.0028104842366901998038 0.001213969295416877231 0.33265221430212610354 0.78887119316865894625 0.11739300444505042231 0.63390641993348628702 0.25194900173990841807 0.013049353084083930437 2.434059974054098241 0.99728030216829866017 0.16916787288905052455 -1.714433046086826451 -1.2514131231642826592 -0.94587082940069189263 -1.1133448218027508503 -2.2475296483818478777 0.11582921689913851238 0.9844462349221499986 0.5 
-1.0000000000000000199e+30 -1.0000000000000000199e+30 0 0 0 0 0 0 0 0 0 0 0 0 0 0 0 0 0 0 0 0 0 0 0 0 0 0 0 0 0 0 0 
1422.1795869917225446 1419.4883384455315536 0.0033198957649770424391 0.0047541083312547293208 0.67633592008932574835 0.26034436408072259006 0.73350307661635316681 0.042737217505767081949 2.2879436876539807066 0.10001532444649785525 0.99851032007837203786 0.92936145107109080499 0.84944889651393884478 0.00044259675304795853329 0.0022834805290223602649 0.0012305611858945116142 -0.062946790649423906006 0.12211083552231025151 0.40149826000984978336 0.73733067191158963016 0.018647581542385955472 0.0025323578543134757021 4.4875861761142061823 0.99728030216829866017 0.18987002645018213887 -1.714433046086826451 -1.2514131231642826592 -0.94587082940069189263 3.3645606931119811378 0.28816490892768736876 -2.3760208567376910338 0.8242170071691912181 0.5 
-1.0000000000000000199e+30 -1.0000000000000000199e+30 0 0 0 0 0 0 0 0 0 0 0 0 0 0 0 0 0 0 0 0 0 0 0 0 0 0 0 0 0 0 0 
1382.4815444343212221 1372.3641590741531218 0.0046425359117418319235 0.008262319637857458432 0.90667943340731704804 0.36288394417213332144 0.93738960770211232632 0.079081981795053199469 2.9064684980581256823 0.31275717574848077573 0.92678266777845375035 0.65090014839593901552 0.89823332950954848375 0.0004528483576890467285 0.010826665109337637108 0.001193437703309103981 -0.18288894690611623428 0.23738750656256449312 0.082013590332193520016 0.71655922996459209262 0.79426133826444400565 0.00013240867588183816454 2.2871098034736729865 0.99728030216829866017 0.18128813497207615923 -1.714433046086826451 -1.2514131231642826592 -0.94587082940069189263 0.11052825141682964816 0.37934994096074364789 -0.04078701577739029388 0.8295720748614869855 0.5 
