-1.0000000000000000199e+30 -1.0000000000000000199e+30 0 0 0 0 0 0 0 0 0 0 0 0 0 0 0 0 0 0 0 0 0 0 0 0 0 0 0 0 0 0 0 
-16207.898247284641911 -16210.697361390386504 0.0044220279256683156857 0.0080386143701348094365 0.67400143179543137162 0.075105919277929103495 0.48173584008554382052 0.73952154867471975308 3.8544524153269299482 0.94566502296733145894 0.94722350983141989644 0.82680161347614633538 0.76039018753593956568 0.0042709343824695999298 0.30412227955627474385 0.0028699654469467907048 -0.011933871739768359826 0.5239836457978038764 0.65049995287698614277 0.50701392711999826446 0.00046527197380682262578 0.019811030786615557719 4.2835990966569035265 0.99728030216829866017 0.00083061017292214607555 -1.714433046086826451 -1.2514131231642826592 -0.94587082940069189263 0.0092643426390780145296 0.0012892933594116885113 0.00035710260985603598915 0.63651340134263634241 0.5 
-1.0000000000000000199e+30 -1.0000000000000000199e+30 0 0 0 0 0 0 0 0 0 0 0 0 0 0 0 0 0 0 0 0 0 0 0 0 0 0 0 0 0 0 0 
-1.0000000000000000199e+30 -1.0000000000000000199e+30 0 0 0 0 0 0 0 0 0 0 0 0 0 0 0 0 0 0 0 0 0 0 0 0 0 0 0 0 0 0 0 
-1.0000000000000000199e+30 -1.0000000000000000199e+30 0 0 0 0 0 0 0 0 0 0 0 0 0 0 0 0 0 0 0 0 0 0 0 0 0 0 0 0 0 0 0 
1369.3149318983130343 1369.8342375897534566 0.0049300837313192690664 0.0078734772556777084251 0.85202657221159427969 0.1496907695656292947 0.92684727928998111857 0.072140552870632687621 2.9901314793258699787 0.22090099738135796081 0.99638204500050231438 0.91759654205316709685 0.86386318794617666939 0.00042074735620166350391 0.0028611830546173017825 0.0012212434219605308641 0.68450820358909925112 0.71890329235626504456 0.37240577637138638778 0.54536516252219124912 1.2778922988118384119 0.029025073668029553742 2.8215376728280805452 0.99728030216829866017 0.00083061017292214607555 -1.714433046086826451 -1.2514131231642826592 -0.94587082940069189263 -0.59374493476341949627 -0.14412499571667902742 -0.15105676983150129189 0.63651340134263634241 0.5 
-1.0000000000000000199e+30 -1.0000000000000000199e+30 0 0 0 0 0 0 0 0 0 0 0 0 0 0 0 0 0 0 0 0 0 0 0 0 0 0 0 0 0 0 0 
1405.3613127525486561 1411.724586251128585 0.0049121605759131544561 0.0071435616129420613507 0.88679832625048904404 0.12521756185347968082 0.83836447783548551094 0.14182487231274315542 3.4351134591977992017 0.15571960260847481083 0.9975764301519554067 0.91517778033245844593 0.90997463403457057307 0.00090438463894588995082 0.0031057694964206307084 0.0014443581361727132664 1.0329514295290831427 0.93341086259155170435 0.99934020221948605123 0.658578539794733131 0.0086364525692483023328 0.069633344183760187418 2.1599309869142220286 0.99728030216829866017 0.0051860138782353279452 -1.714433046086826451 -1.2514131231642826592 -0.94587082940069189263 1.6122225155420637499 1.1150203548237906936 -0.69996540359632586359 0.70996012866400348695 0.5 
-1.0000000000000000199e+30 -1.0000000000000000199e+30 0 0 0 0 0 0 0 0 0 0 0 0 0 0 0 0 0 0 0 0 0 0 0 0 0 0 0 0 0 0 0 
1110.9559224420534065 1106.3638107816875618 0.0031326977357704773562 0.012574652652365892608 0.9587767917583976951 0.66589006404747852486 0.48602839117990875861 0.75322669495828875608 2.3913268144036718965 0.2095684362704242909 0.99525118714948423992 0.94054562033055422177 0.68475113019769784373 0.0046331254749061726375 0.001381296158541172334 0.013166180717978500855 0.39367389638493133219 0.46432817055791147931 5.0841106502893714862e-06 0.96172986620315903394 0.022382338118779203373 0.0041507822409579085698 4.8343608515231162315 0.99728030216829866017 0.0051833490182238940377 -1.714433046086826451 -1.2514131231642826592 -0.94587082940069189263 -0.19743468705391920004 -0.067319088547977107284 0.014364084342203509506 0.70998660049123840654 0.5 
-1.0000000000000000199e+30 -1.0000000000000000199e+30 0 0 0 0 0 0 0 0 0 0 0 0 0 0 0 0 0 0 0 0 0 0 0 0 0 0 0 0 0 0 0 
1417.9134519860097043 1412.8679510346157713 0.0057439809389166198925 0.0092103064532751098559 0.74811454870450777577 0.37150871342832408883 0.69831868837321542376 0.11998829484883530294 2.6993458678292618913 0.077270037703875721347 0.99095733677089170577 0.93864281752520983826 0.84467872383519615465 0.0010000791846796420938 0.001673472931751850655 0.0012996095652126429289 -1.9106369119548904933 0.00059529014350662254763 0.088580203808086233064 0.6201153354187948219 0.76870425439579737059 0.00012374159874646573076 2.1174920796088430031 0.99728030216829866017 -0.14963591810309415098 -1.714433046086826451 -1.2514131231642826592 -0.94587082940069189263 0.031320770476941137139 0.53191505850670373068 -0.061982440766782130603 0.96201573881220525664 0.5 
-1.0000000000000000199e+30 -1.0000000000000000199e+30 0 0 0 0 0 0 0 0 0 0 0 0 0 0 0 0 0 0 0 0 0 0 0 0 0 0 0 0 0 0 0 
1460.6233497729058399 1451.7842753565807925 0.0055755237591713245268 0.010081127931885178889 0.39694984568358226973 0.56248679036849635882 0.78660278999993971105 0.0011404223435690461364 2.2992637957437485063 0.21996964172116251213 0.65190694244153668535 0.77133053945981611133 0.88648255789218244338 0.00044143617204201157081 0.0042799047328326029344 0.0011456262100012829224 -0.82202303182971603324 0.98101847784909457229 0.99771837622825410019 0.28636528459351512366 0.0013502071456038702933 0.00016818067434426486884 2.3528446525608788242 0.99728030216829866017 -0.12880502775318136699 -1.714433046086826451 -1.2514131231642826592 -0.94587082940069189263 1.4349773803151031348 -1.2664491297492788124 0.6105591470054506642 0.76505371882938288941 0.5 
-1.0000000000000000199e+30 -1.0000000000000000199e+30 0 0 0 0 0 0 0 0 0 0 0 0 0 0 0 0 0 0 0 0 0 0 0 0 0 0 0 0 0 0 0 
212.76354164986813089 191.64236926687470941 0.0046466042654099469836 0.0087298861340184361751 0.76786635596256658243 0.42131778613188469729 0.65546322097932707695 0.047608710236535137228 2.2937372030737801509 0.29653430834866306709 0.98022108928390738747 0.92132546954196625766 0.78708652319316141366 0.00039232902091673683889 0.0020441723093449389037 0.0012344050151199415909 -0.11626493974838873757 0.0092785285308921439107 0.32387232084176981184 0.62090812167891240581 0.0024528764137769364269 0.00039154079884562090078 3.8248783150190264202 0.99728030216829866017 -0.12880502775318136699 -1.714433046086826451 -1.2514131231642826592 -0.94587082940069189263 -0.14149935718628273151 -0.057439532069544031734 0.024293814026507390413 0.76505371882938288941 0.5 
-1.0000000000000000199e+30 -1.0000000000000000199e+30 0 0 0 0 0 0 0 0 0 0 0 0 0 0 0 0 0 0 0 0 0 0 0 0 0 0 0 0 0 0 0 
1366.3597421813774417 1365.4001288479628329 0.0052265371864658747084 0.0076307683700106631805 0.62800944120223212153 0.0032052032299151600458 0.24085171046525089 0.0046632716367237831562 3.9853769307515900522 0.51690534629859063998 3.1126788002734841069e-08 0.71336201656979636443 0.94093547576014036071 0.0010531244192766220022 0.30101602679097594351 0.0011398309131865650909 2.4495043954981960965 0.048729010074655500218 0.18799953298110649857 0.88108140223909348077 0.00095633799223781396862 0.00011196138371112683129 1.6622243885571885702 0.99728030216829866017 -0.12880502775318136699 -1.714433046086826451 -1.2514131231642826592 -0.94587082940069189263 -1.3534988496053741436 0.50412208798722846215 -0.31246840287866362029 0.76505371882938288941 0.5 
-1.0000000000000000199e+30 -1.0000000000000000199e+30 0 0 0 0 0 0 0 0 0 0 0 0 0 0 0 0 0 0 0 0 0 0 0 0 0 0 0 0 0 0 0 
1455.5880553295132813 1448.1022941078970234 0.0053620158717169463802 0.0080076149160520880554 0.87881919699169708249 0.042863317663499787835 0.91738894060256059859 0.46319877082160915149 2.5514954981022355263 0.018506228176079234093 0.99971178390531556524 0.90393438294201378103 0.85871547808507020516 0.0030134892340127200638 0.0025736942900106809032 0.0012842895408951794309 -0.19972193101252894154 0.61541833774717624728 0.068698554616598669909 0.70737391430990159691 0.0085945691776867956524 0.00011769182321375353461 3.1377101086849048528 0.99728030216829866017 -0.096177043557686067721 -1.714433046086826451 -1.2514131231642826592 -0.94587082940069189263 2.3991390932881970777 0.70609261309096060799 -0.13045328960552937669 0.68455752712992812281 0.5 
-1.0000000000000000199e+30 -1.0000000000000000199e+30 0 0 0 0 0 0 0 0 0 0 0 0 0 0 0 0 0 0 0 0 0 0 0 0 0 0 0 0 0 0 0 
-49138.890928457098198 -49119.481989956126199 0.0068671346020313618272 0.016740491531786350771 0.95907573203901341774 0.91330407571760641172 0.85108597298376442719 0.98337481697578066342 5.142011383899562027 0.19579727588136552896 0.9975947003272253033 0.96666307336582002474 0.49345490446487161318 0.0053407654439319926509 0.0014473866985431353867 0.0049158360947843754776 0.087497624964559081451 0.11038737627677619457 0.93742403504438698292 0.0717675813939422369 0.0088835942954756316747 0.0040426164655946198942 1.0235209530219435692 0.99728030216829866017 -0.096177043557686067721 -1.714433046086826451 -1.2514131231642826592 -0.94587082940069189263 -1.0180478567913244792 0.67392807305037483179 0.36277465176793927126 0.68455752712992812281 0.5 
-1.0000000000000000199e+30 -1.0000000000000000199e+30 0 0 0 0 0 0 0 0 0 0 0 0 0 0 0 0 0 0 0 0 0 0 0 0 0 0 0 0 0 0 0 
-1.0000000000000000199e+30 -1.0000000000000000199e+30 0 0 0 0 0 0 0 0 0 0 0 0 0 0 0 0 0 0 0 0 0 0 0 0 0 0 0 0 0 0 0 
-1.0000000000000000199e+30 -1.0000000000000000199e+30 0 0 0 0 0 0 0 0 0 0 0 0 0 0 0 0 0 0 0 0 0 0 0 0 0 0 0 0 0 0 0 
1449.5984190979011146 1439.9505965127154923 0.004968024187555888059 0.0088416550249463491534 0.96932485197263484888 0.57125312721799803573 0.91486683604686636073 0.12149057833635067138 2.6785061329483457193 0.22974453403949315899 0.9957137406784236644 0.90670650393754925744 0.80609372324406636245 0.00069499742532802056584 0.0020041287528706282391 0.001310709136144209367 -0.13055667688175817687 1.0595829576171252251e-09 3.9898359766243288865e-06 0.51051209436618072424 0.23174492035642413335 0.0013300684759714955126 4.6802736490560681304 0.99728030216829866017 -0.096177042469330967234 -1.714433046086826451 -1.2514131231642826592 -0.94587082940069189263 -0.10070579657012596053 0.3215652955361569254 -0.031604131668714938175 0.68455745647541799137 0.5 
-1.0000000000000000199e+30 -1.0000000000000000199e+30 0 0 0 0 0 0 0 0 0 0 0 0 0 0 0 0 0 0 0 0 0 0 0 0 0 0 0 0 0 0 0 
514.48430898186074955 537.89662448392687111 0.0054516449026953692561 0.0083890778566070699912 0.88994177192634260631 0.23557770873509001341 0.003523861329251319445 0.99569461307873774469 4.2710308119206619182 0.21674494137412197992 0.99825411375889339105 0.99455251647276055049 0.88184962545191225569 162.02600486981552308 0.0023701965840491720679 0.0013884007505025532537 -0.0023741696939509242606 0.97051446647942940515 0.12509813370797148724 0.52995199796159209171 0.0027029478351899877304 0.00018692690068697350955 3.9795273763901302111 0.99728030216829866017 -0.054109556047576480575 -1.714433046086826451 -1.2514131231642826592 -0.94587082940069189263 -2.2182528958205871561 0.55307202061602500631 -0.10967086099282234712 0.52639440095536338404 0.5 
-1.0000000000000000199e+30 -1.0000000000000000199e+30 0 0 0 0 0 0 0 0 0 0 0 0 0 0 0 0 0 0 0 0 0 0 0 0 0 0 0 0 0 0 0 
1481.7476289229882696 1473.5137821894111312 0.0051563429500798407118 0.0083885197824371017516 0.77819401512896235751 0.091615806594052634493 0.91603367056564277693 0.066935056057020880793 3.4084969381544838463 0.14260690379300022812 0.99872171135567733291 0.88777004814180537906 0.89395028398250675483 0.00046793627914280925021 0.0046917964321294258062 0.0012810186270068933245 -0.040315776753572611646 0.81815482335154221527 0.58966138861342332067 0.54725957587625906342 0.0021129473837024734424 0.00019779533389342062897 3.6120664431717517395 0.99728030216829866017 -0.052912954468776238204 -1.714433046086826451 -1.2514131231642826592 -0.94587082940069189263 0.56763054997157613712 -1.6131257209117657592 0.0083188055848009735682 0.51456843734974055948 0.5 
-1.0000000000000000199e+30 -1.0000000000000000199e+30 0 0 0 0 0 0 0 0 0 0 0 0 0 0 0 0 0 0 0 0 0 0 0 0 0 0 0 0 0 0 0 
1344.694614231900232 1343.4082539852015543 0.0050633673523063126368 0.0088798683534106921666 0.8743682446954477161 0.044865563952863285468 0.82891683057558263048 0.084207485768184792141 2.5928847322145029963 0.26829846239087878912 0.99952710934384014774 0.90766326593088930696 0.84993925014443327814 0.00046128601691701660338 0.0051114607947964950732 0.0011711310427682923314 -0.22964516635208945261 0.73997331847945202465 0.34451549127029124087 0.61663016628748956727 1.0376936890719627993 7.9643391064713336697e-05 2.2929998751146016822 0.99728030216829866017 -0.052912954468776238204 -1.714433046086826451 -1.2514131231642826592 -0.94587082940069189263 -1.0555840489556405082 -0.070032469236745276131 -0.55688060406912465172 0.51456843734974055948 0.5 
-1.0000000000000000199e+30 -1.0000000000000000199e+30 0 0 0 0 0 0 0 0 0 0 0 0 0 0 0 0 0 0 0 0 0 0 0 0 0 0 0 0 0 0 0 
-6527959.2615609979257 -6527850.6962900636718 0.0868173783601211696 8.0297357949236231045e-05 0.18463489680429417961 0.79607762215124733274 0.68566429739019130185 0.67582767992331072016 4.1654118570968687862 0.054517116469282200786 0.97116575109673908273 0.80998144057002063878 0.32393816324154800501 1.3425194192677735537e-05 0.0067849169851475496854 0.0055696144641357728591 0.45378556881986525928 0.22233163023681928872 0.97091745341189117369 0.50455985116752122277 1.9336279758144231394e-05 0.15400970806621724907 4.3218012981831730457 0.99728030216829866017 -0.052912954468776238204 -1.714433046086826451 -1.2514131231642826592 -0.94587082940069189263 -0.29325414658524256994 0.38255082698548831255 -0.083228684748197195864 0.51456843734974055948 0.5 
-1.0000000000000000199e+30 -1.0000000000000000199e+30 0 0 0 0 0 0 0 0 0 0 0 0 0 0 0 0 0 0 0 0 0 0 0 0 0 0 0 0 0 0 0 
1553.0214640848116687 1534.6676462735654241 0.0063005410207088450095 0.011761016747948023833 0.64835951845981154573 0.3226195887284435404 0.63186024153195730069 0.0078191462834302245116 2.6088023492729348618 0.23284360059083930583 0.79024543292862803323 0.96903646362057926922 0.83055984500489898892 0.00031944593993507596798 0.0022476129839396176771 0.0011756993508609024993 -0.0059776586670762113865 0.49359767778798274707 0.44603326246790969689 0.63469596802570960037 0.0015407900385478109917 0.0010609610878749688254 5.8603411531035201065 0.99728030216829866017 -0.0082241336590643376175 -1.714433046086826451 -1.2514131231642826592 -0.94587082940069189263 -0.016913281711966415138 -0.029258125206340947211 0.00013312435691611155565 0.48918390895418606412 0.5 
-1.0000000000000000199e+30 -1.0000000000000000199e+30 0 0 0 0 0 0 0 0 0 0 0 0 0 0 0 0 0 0 0 0 0 0 0 0 0 0 0 0 0 0 0 
1188.8154649793752924 1185.2754572304595513 0.0075668969624343102379 0.011065290485975216861 0.44877119293738593209 0.30619804575894910004 0.99854215973815696472 0.010273843816735836465 2.5936012299482351651 0.75298508811939290908 0.81862885423282749642 0.76831851087250802035 0.6601494139045729348 0.00019468893826742918185 0.0060128362174383569519 0.029909590189821179396 0.024048720416180280335 0.40449207341352566569 0.15795149936663571699 0.48639298285507520658 0.027779351651767435899 0.038272528062237277935 5.0439154160719059661 0.99728030216829866017 -0.0082241336590643376175 -1.714433046086826451 -1.2514131231642826592 -0.94587082940069189263 0.27228912976815572433 0.81128015133975117656 -0.31594508972482820974 0.48918390895418606412 0.5 
-1.0000000000000000199e+30 -1.0000000000000000199e+30 0 0 0 0 0 0 0 0 0 0 0 0 0 0 0 0 0 0 0 0 0 0 0 0 0 0 0 0 0 0 0 
1517.5683504792536951 1507.9223317055918869 0.0050958338134145016868 0.0085319345718165972431 0.87478089448425644381 0.24637089507072465477 0.5058491022404476567 0.26191373121259720058 2.8468125386991833814 0.16659374976459834228 0.99778214634579487363 0.92019961145003903447 0.84385892148451357997 0.0018569823093879664951 0.0024283459629645671833 0.001316017720686969792 -0.44474961349274955147 0.63512236415005185464 0.87590860690261895805 0.74728121535585612101 0.00015716200610354819252 0.043072483443367275135 3.9424782340551196569 0.99728030216829866017 0.0079577142705379438903 -1.714433046086826451 -1.2514131231642826592 -0.94587082940069189263 -0.03779063802320171972 -0.011243937511175862778 0.00073404083169152222355 0.4342857069012926452 0.5 
-1.0000000000000000199e+30 -1.0000000000000000199e+30 0 0 0 0 0 0 0 0 0 0 0 0 0 0 0 0 0 0 0 0 0 0 0 0 0 0 0 0 0 0 0 
-1.0000000000000000199e+30 -1.0000000000000000199e+30 0 0 0 0 0 0 0 0 0 0 0 0 0 0 0 0 0 0 0 0 0 0 0 0 0 0 0 0 0 0 0 
-1.0000000000000000199e+30 -1.0000000000000000199e+30 0 0 0 0 0 0 0 0 0 0 0 0 0 0 0 0 0 0 0 0 0 0 0 0 0 0 0 0 0 0 0 
1359.6491827782049313 1351.9509074640709514 0.0050322962720803516429 0.0085907267797694433775 0.8764614223377114044 0.23297674569665538513 0.89298427890718157229 0.088487504724269819278 2.8527466315613709824 0.21718180790208246878 0.99781357760553202052 0.9177746378767421831 0.82569157652033187134 0.00051508513937964137911 0.0023357769831458298493 0.0012925263881474490825 -0.34959945853366264368 0.067686211633056908576 0.65452131355104536947 0.49774755035055878727 0.098624411735486375297 0.0039275479473998417199 4.4623627126235971829 0.99728030216829866017 0.0079577142705379438903 -1.714433046086826451 -1.2514131231642826592 -0.94587082940069189263 -0.085952665205283815264 -0.084395118685651165924 0.022308772267216676888 0.4342857069012926452 0.5 
-1.0000000000000000199e+30 -1.0000000000000000199e+30 0 0 0 0 0 0 0 0 0 0 0 0 0 0 0 0 0 0 0 0 0 0 0 0 0 0 0 0 0 0 0 
1500.318176379659235 1482.4456873761432689 0.0034573978855917553848 0.0074202847819128609289 0.72243548842691940326 0.13238947958201538468 0.12885804372559034325 0.0060613922079226613751 1.7693198819398472388 0.39827066741857775067 0.0073424590535281341469 0.93918753637173180149 0.88811242692276248789 0.0013076068783709202722 0.0042796566353206335134 0.0011129439286121744872 1.8290056702351196183 0.72683998990196230228 0.4470555839494548267 0.62916372485502702894 0.0016429131757116752135 7.1777598165468370632e-05 2.9531756865782177179 0.99728030216829866017 0.0079577487641743025609 -1.714433046086826451 -1.2514131231642826592 -0.94587082940069189263 -0.45726655319503245467 0.076199055823059774761 -0.041393256692048720213 0.43428567732741774066 0.5 
-1.0000000000000000199e+30 -1.0000000000000000199e+30 0 0 0 0 0 0 0 0 0 0 0 0 0 0 0 0 0 0 0 0 0 0 0 0 0 0 0 0 0 0 0 
1388.275527991588433 1387.4787652517029528 0.0055655248015841736822 0.0098197963720780215985 0.3426936305779868519 0.41862718867661330435 0.83220718560225970251 0.00034238056296151761103 3.4856162498510379066 0.19827327747847109385 0.67938147980360530376 0.51586930696230060001 0.93343137061779934971 0.00040985909940596104966 0.0088532105769115968658 0.0012260367207635638597 0.76512289015737589004 0.54277542450614901792 0.6606687473388591636 0.64265542099874883863 0.17888630315826806183 0.13365749314394459457 3.2035683998515445126 0.99728030216829866017 0.0079577487641743025609 -1.714433046086826451 -1.2514131231642826592 -0.94587082940069189263 1.2590037978700421295 0.68001898239226954423 0.12116697015759636535 0.43428567732741774066 0.5 
-1.0000000000000000199e+30 -1.0000000000000000199e+30 0 0 0 0 0 0 0 0 0 0 0 0 0 0 0 0 0 0 0 0 0 0 0 0 0 0 0 0 0 0 0 
1290.2193101811508313 1312.1974322407079399 0.0044374360403617437928 0.0063049814471973142024 0.95383894356044895968 0.22871965929960891284 0.94528621259789868958 0.16068994939195663241 3.0114139041225973514 0.15065192396653276363 0.99880723684807926066 0.96521077803656318839 0.83702623901205241985 0.0010217777614331330967 0.0017991658426048282807 0.001319165057861022795 0.65690087705578914523 0.46055526020487247418 0.079628118982152176764 0.46645294224600036825 30.4702808422497462 8.1678829155862333423e-06 2.434990355112246263 0.99728030216829866017 0.0079577607186184610988 -1.714433046086826451 -1.2514131231642826592 -0.94587082940069189263 -1.7235410696570090394 -1.9748328687885672306 -0.035739734199753091237 0.43428603130994247739 0.5 
-1.0000000000000000199e+30 -1.0000000000000000199e+30 0 0 0 0 0 0 0 0 0 0 0 0 0 0 0 0 0 0 0 0 0 0 0 0 0 0 0 0 0 0 0 
-1.0000000000000000199e+30 -1.0000000000000000199e+30 0 0 0 0 0 0 0 0 0 0 0 0 0 0 0 0 0 0 0 0 0 0 0 0 0 0 0 0 0 0 0 
-1.0000000000000000199e+30 -1.0000000000000000199e+30 0 0 0 0 0 0 0 0 0 0 0 0 0 0 0 0 0 0 0 0 0 0 0 0 0 0 0 0 0 0 0 
1388.0235120679346892 1383.0883315845480865 0.0047099671309695457719 0.0096352996919293956712 0.85525492301288130736 0.26962090324095050464 0.87455776731790313416 0.092019744823009785861 2.0467261484969521135 0.20965210012234344883 0.99187673082508542866 0.70959222258201692934 0.56461236863234443017 0.00045315341004098296874 0.006347187734585680273 0.0017708378975919460141 -0.13127373858478127988 5.5662423765179790125e-06 0.0065657638810645239241 0.77362579451870150393 0.20084208076328483039 0.23073613763573322388 4.9324723981355420577 0.99728030216829866017 0.0079577607186184610988 -1.714433046086826451 -1.2514131231642826592 -0.94587082940069189263 0.70358920166161609266 -0.4518780966304864477 -0.042453818513562086023 0.43428603130994247739 0.5 
-1.0000000000000000199e+30 -1.0000000000000000199e+30 0 0 0 0 0 0 0 0 0 0 0 0 0 0 0 0 0 0 0 0 0 0 0 0 0 0 0 0 0 0 0 
-1.0000000000000000199e+30 -1.0000000000000000199e+30 0 0 0 0 0 0 0 0 0 0 0 0 0 0 0 0 0 0 0 0 0 0 0 0 0 0 0 0 0 0 0 
-1.0000000000000000199e+30 -1.0000000000000000199e+30 0 0 0 0 0 0 0 0 0 0 0 0 0 0 0 0 0 0 0 0 0 0 0 0 0 0 0 0 0 0 0 
-117372115.73550622165 -117372117.49567201734 0.0054391776517046562869 0.0096215191051272647843 0.82089404914778973943 0.17188770483346171858 0.90519316990388487554 0.083904355052984380681 2.9018206437502116479 0.22334490440934298694 0.99612099480795801565 0.88366992438206648508 0.84510248103805352127 0.00049524942512783789571 0.0031944753611093308111 0.0012574069354883182954 0.79159054913898896366 0.37839880166575312614 0.82997959689237177372 0.21457817964255809784 0.0067617999250069258516 0.0059880643733777102339 1.0691652664681896567 0.99728030216829866017 0.0079577607186184610988 -1.714433046086826451 -1.2514131231642826592 -0.94587082940069189263 0.75367235574605884185 -1.5175979802397905338 -0.1120333649938016346 0.43428603130994247739 0.5 
-1.0000000000000000199e+30 -1.0000000000000000199e+30 0 0 0 0 0 0 0 0 0 0 0 0 0 0 0 0 0 0 0 0 0 0 0 0 0 0 0 0 0 0 0 
1594.8644728805973045 1575.1477922763881452 0.0059959781001577743334 0.0098629488563164741805 0.62707268192321596878 0.10031699318265803467 0.91982217947605238173 0.0096592905590915188047 2.6477805374083942525 0.33361301674536980588 0.7039572561647723381 0.8319410401016452683 0.92120898303888976155 0.00043134875570880398333 0.0081210112426041095729 0.0010826078056343261483 -0.0089817066714778185516 0.12940333246933119482 0.13696135080695823194 0.61091674929015016282 0.001419798236620880335 0.00017337675864535198513 4.9884769527531851452 0.99728030216829866017 0.0051259361522750816406 -1.714433046086826451 -1.2514131231642826592 -0.94587082940069189263 -0.0039707168965433196212 -0.001138048428687867767 -0.0021959914989357282381 0.4500046975352538503 0.5 
-1.0000000000000000199e+30 -1.0000000000000000199e+30 0 0 0 0 0 0 0 0 0 0 0 0 0 0 0 0 0 0 0 0 0 0 0 0 0 0 0 0 0 0 0 
-1.0000000000000000199e+30 -1.0000000000000000199e+30 0 0 0 0 0 0 0 0 0 0 0 0 0 0 0 0 0 0 0 0 0 0 0 0 0 0 0 0 0 0 0 
-1.0000000000000000199e+30 -1.0000000000000000199e+30 0 0 0 0 0 0 0 0 0 0 0 0 0 0 0 0 0 0 0 0 0 0 0 0 0 0 0 0 0 0 0 
-1.0000000000000000199e+30 -1.0000000000000000199e+30 0 0 0 0 0 0 0 0 0 0 0 0 0 0 0 0 0 0 0 0 0 0 0 0 0 0 0 0 0 0 0 
-1.0000000000000000199e+30 -1.0000000000000000199e+30 0 0 0 0 0 0 0 0 0 0 0 0 0 0 0 0 0 0 0 0 0 0 0 0 0 0 0 0 0 0 0 
1520.2281508627779658 1515.850321518543069 0.0051712785016740829905 0.005466616371446751492 0.81766778958543784306 0.026162753165835370139 0.93508664492874793428 0.061582268882859406145 3.3339263384233706056 0.050370151485966130345 0.99891106104604454607 0.99252281787267859769 0.95702827303519000246 0.0004772436347123262877 0.0019246906760761889072 0.001227239754363782789 -0.099722053571925303728 0.26904658607064801945 0.27863227859108485873 0.32429396907047502996 0.0043084317944949200932 0.00034852980942860523365 1.9578332522038577324 0.99728030216829866017 -0.0048738389293217837181 -1.714433046086826451 -1.2514131231642826592 -0.94587082940069189263 0.0042534196170824351002 0.0030378951528604847786 0.0016637973637506206157 0.71483708011833591023 0.5 
-1.0000000000000000199e+30 -1.0000000000000000199e+30 0 0 0 0 0 0 0 0 0 0 0 0 0 0 0 0 0 0 0 0 0 0 0 0 0 0 0 0 0 0 0 
-1.0000000000000000199e+30 -1.0000000000000000199e+30 0 0 0 0 0 0 0 0 0 0 0 0 0 0 0 0 0 0 0 0 0 0 0 0 0 0 0 0 0 0 0 
-1.0000000000000000199e+30 -1.0000000000000000199e+30 0 0 0 0 0 0 0 0 0 0 0 0 0 0 0 0 0 0 0 0 0 0 0 0 0 0 0 0 0 0 0 
1557.7727043891902667 1554.8645826325237067 0.0047424041967372276146 0.0057420691449172386184 0.82391267043917459922 0.016565712842580355979 0.83220465849181235463 0.057939012899392287881 3.0787627954046912215 0.14885938811717269736 0.99959528334843572583 0.95072573271707427889 0.92901513731988949463 0.00042835465656882137746 0.0061600875499115805359 0.0011848018300517587469 -0.11509162483664575616 0.79592437109490232761 0.32678096704380893422 0.62987899042330475208 0.0002593434444022378149 0.06979626524415918909 4.1158041257173483274 0.99728030216829866017 0.0075934302480394830215 -1.714433046086826451 -1.2514131231642826592 -0.94587082940069189263 0.00036204882396442388546 0.0057715536096791470247 -0.0018390295614068407747 0.63707057144973333607 0.5 
-1.0000000000000000199e+30 -1.0000000000000000199e+30 0 0 0 0 0 0 0 0 0 0 0 0 0 0 0 0 0 0 0 0 0 0 0 0 0 0 0 0 0 0 0 
1452.6827770164611593 1441.3243789338721399 0.0050395968429195669644 0.008238396152591436275 0.78694916379343149426 0.98131198474434155887 0.86983704346092305393 0.16708776034349220874 2.6357792261507242415 0.065158235974722450434 0.99490297186232712345 0.97000585535329297837 0.72506261268568128475 0.0011723129559319601153 0.001071857118776335183 0.0016405344731352173356 -0.0042974193746276008812 0.81168145959966198077 0.57481609849717796301 0.4436324332525692915 0.0024826404851349620842 0.00016255396383773243192 1.9626448956710980109 0.99728030216829866017 0.033177649874169108657 -1.714433046086826451 -1.2514131231642826592 -0.94587082940069189263 0.69677892894493131948 -0.53215926004182012576 0.3744995908689098818 0.90981847991183695257 0.5 
-1.0000000000000000199e+30 -1.0000000000000000199e+30 0 0 0 0 0 0 0 0 0 0 0 0 0 0 0 0 0 0 0 0 0 0 0 0 0 0 0 0 0 0 0 
1094.9080407394162648 1086.8314419253226788 0.0045042382801972914025 0.0083460820952760729485 0.8850609034270764397 0.31436325327058844969 0.075467240026937817965 0.62262764766189115928 2.4082179154639584695 0.24425439221932562783 0.97895612841673684823 0.92394877684133092099 0.7926144972284415724 0.0048452598371502538302 0.002293557612099003315 0.0027373397762223521112 0.75465786156718162037 0.27548938845574122425 0.19020980037896303982 0.63345856356058005687 0.0010711857202494253112 0.33042086317230490167 6.7431946956107164937 0.99728030216829866017 0.033179224959795909633 -1.714433046086826451 -1.2514131231642826592 -0.94587082940069189263 -0.34886995941526677267 1.7259918159527118942 1.07952051994341236 0.9098137656652044436 0.5 
-1.0000000000000000199e+30 -1.0000000000000000199e+30 0 0 0 0 0 0 0 0 0 0 0 0 0 0 0 0 0 0 0 0 0 0 0 0 0 0 0 0 0 0 0 
-1.0000000000000000199e+30 -1.0000000000000000199e+30 0 0 0 0 0 0 0 0 0 0 0 0 0 0 0 0 0 0 0 0 0 0 0 0 0 0 0 0 0 0 0 
-1.0000000000000000199e+30 -1.0000000000000000199e+30 0 0 0 0 0 0 0 0 0 0 0 0 0 0 0 0 0 0 0 0 0 0 0 0 0 0 0 0 0 0 0 
-1.0000000000000000199e+30 -1.0000000000000000199e+30 0 0 0 0 0 0 0 0 0 0 0 0 0 0 0 0 0 0 0 0 0 0 0 0 0 0 0 0 0 0 0 
-1.0000000000000000199e+30 -1.0000000000000000199e+30 0 0 0 0 0 0 0 0 0 0 0 0 0 0 0 0 0 0 0 0 0 0 0 0 0 0 0 0 0 0 0 
1465.1755891347975194 1458.3896583645680494 0.004811417178840592633 0.0068221435669888561698 0.85614861238943806843 0.12209191418599801837 0.90438740015886198709 0.16896226112765524996 2.8677895624906439842 0.10387825529156818893 0.99751311696293298859 0.9064935389781433317 0.8481833879944357113 0.0011441497473482107813 0.0027429021248931407216 0.0012976610776010025303 -0.07717643382101699312 0.015029466492658819995 0.38770779758136747484 0.70008393156850023953 0.0073630028215216289378 0.022656046460714899388 3.3054445603855842073 0.99728030216829866017 0.033322765239688044436 -1.714433046086826451 -1.2514131231642826592 -0.94587082940069189263 0.027154525798337620507 1.8505737742000929469 -0.017155389379566666347 0.90907756792551908109 0.5 
-1.0000000000000000199e+30 -1.0000000000000000199e+30 0 0 0 0 0 0 0 0 0 0 0 0 0 0 0 0 0 0 0 0 0 0 0 0 0 0 0 0 0 0 0 
-1.0000000000000000199e+30 -1.0000000000000000199e+30 0 0 0 0 0 0 0 0 0 0 0 0 0 0 0 0 0 0 0 0 0 0 0 0 0 0 0 0 0 0 0 
-1.0000000000000000199e+30 -1.0000000000000000199e+30 0 0 0 0 0 0 0 0 0 0 0 0 0 0 0 0 0 0 0 0 0 0 0 0 0 0 0 0 0 0 0 
1446.9252427155308851 1446.1413943229226788 0.0046593128913599343027 0.0076669063862586581126 0.69150453217862262179 0.085496659238729955099 0.28493698329584088436 0.0074359055717863713209 2.9670389048670999799 0.74247048432164730603 0.12079247600515420624 0.94301154372530848757 0.944696159764200738 0.0010084224848436193836 0.0056355919592713339325 0.0013720176083423635781 -1.3396138657159897267 2.6290319195590281963e-10 0.75949252355410723503 0.64122196388098995357 0.0036566335102408949534 0.21375636601288955374 2.4802408259222219478 0.99728030216829866017 0.033322804242707462774 -1.714433046086826451 -1.2514131231642826592 -0.94587082940069189263 0.72618453290584950022 -1.4652448383855518621 -0.31005880381828065939 0.90907817014491054675 0.5 
-1.0000000000000000199e+30 -1.0000000000000000199e+30 0 0 0 0 0 0 0 0 0 0 0 0 0 0 0 0 0 0 0 0 0 0 0 0 0 0 0 0 0 0 0 
1370.7814534513715898 1380.560473803498553 0.0056785610467837968271 0.0086534735253097089941 0.76391619449959091703 0.037601121558567075776 0.9578782894828699046 0.10170404184594537822 3.7924791945912006419 0.099554207982040204827 0.99903743769224429006 0.91433993879732422538 0.93279122396229596781 0.00074292975554703739784 0.0050393537750559628738 0.0012010171176962372748 -1.3186523477611704624 0.00013348296598080332926 0.023199117459372517458 0.66235337149347017771 2.1142859659345818457 0.00016565889316179398727 3.4623127021475066378 0.99728030216829866017 0.046141189696409019849 -1.714433046086826451 -1.2514131231642826592 -0.94587082940069189263 -2.6299641070643238194 -0.070166221291413768957 0.11301887112118186307 0.83657489751815861112 0.5 
-1.0000000000000000199e+30 -1.0000000000000000199e+30 0 0 0 0 0 0 0 0 0 0 0 0 0 0 0 0 0 0 0 0 0 0 0 0 0 0 0 0 0 0 0 
1548.9106314935932005 1535.2150153881511869 0.0047701641656157783844 0.0094032232125109676407 0.86245824024178274758 0.11233574869667839469 0.82737961194844700241 0.048749221866207961829 2.4995755964355113043 0.15857477730299240903 0.99591822208551505913 0.91013333299668885967 0.83483119828337415402 0.00033278393843993048923 0.0042902096809221161242 0.0012576307013328052314 -0.043194566654122946991 0.83957900133601215398 0.44007694477051984006 0.71287192950299171912 0.00051952878386953894353 0.0024017088209755490559 4.2704998557339060028 0.99728030216829866017 0.02308430698564642447 -1.714433046086826451 -1.2514131231642826592 -0.94587082940069189263 0.018418699573730015068 0.00027684961540399058953 -0.009314887612637325412 0.82757381489183223788 0.5 
-1.0000000000000000199e+30 -1.0000000000000000199e+30 0 0 0 0 0 0 0 0 0 0 0 0 0 0 0 0 0 0 0 0 0 0 0 0 0 0 0 0 0 0 0 
-356059.52662490290822 -356072.23521986533888 0.0050279738302812142584 0.0095817236782300817949 0.82045814646266945758 0.26599850605053343422 0.56084611181893717635 0.74129791402453593108 2.3712608284444818274 0.25988943301775430106 0.90464072261493733151 0.835476586174576763 0.67454484595921604395 0.0041852928736184954323 0.0034252468399849095998 0.0016094873864970229115 1.7703317373588414174 0.031263693235814571381 0.24162070197053253651 0.937645710539072752 0.0040961654204875229748 0.0035895113623701036323 1.8150936581660062075 0.99728030216829866017 0.02308430698564642447 -1.714433046086826451 -1.2514131231642826592 -0.94587082940069189263 1.9055164960331927304 -1.1147379879479277776 0.29835200270495698671 0.82757381489183223788 0.5 
-1.0000000000000000199e+30 -1.0000000000000000199e+30 0 0 0 0 0 0 0 0 0 0 0 0 0 0 0 0 0 0 0 0 0 0 0 0 0 0 0 0 0 0 0 
1398.053723503692936 1395.8304561221120821 0.0037681869819997881009 0.011706056129307083544 0.52521789278587849292 0.024353268686300378471 0.95432064247880810104 0.0047506446638842366945 1.3620433398857245688 0.51087757737857653062 0.76523617967692247888 0.64318977703348179098 0.9376311598358114674 0.00037507519934781700412 0.051841849784824624303 0.001141060301708096171 -0.75853849071844980934 0.92149374477310164178 0.86358479606262017469 0.52159193492215816246 0.019949396705482912856 0.00025942293583964697078 1.7138590876423611675 0.99728030216829866017 0.022811073607660183743 -1.714433046086826451 -1.2514131231642826592 -0.94587082940069189263 2.1835070789996398055 1.4172104630198272268 0.78704961599924527782 0.8929213667636169971 0.5 
-1.0000000000000000199e+30 -1.0000000000000000199e+30 0 0 0 0 0 0 0 0 0 0 0 0 0 0 0 0 0 0 0 0 0 0 0 0 0 0 0 0 0 0 0 
584.97175559382185384 581.28164056595653619 0.0054958500704876140502 0.0096151774774010448366 0.98992385012561490143 0.26271398698215731038 0.88954829259166900979 0.16998692255743225177 3.2004126613606396212 0.20646741726802078642 0.99808557817091891895 0.90552509180529550115 0.8207156694363301197 0.00088326779770703917581 0.0023149195535394385959 0.0013882515189290675368 -0.53920985524954323509 0.51729797059670090675 0.3716081653255969286 0.67860484309494495392 0.00015574175631627440453 0.0096041850908659392311 1.536743215867318213 0.99728030216829866017 0.022811073607660183743 -1.714433046086826451 -1.2514131231642826592 -0.94587082940069189263 1.5913982944500968397 -1.1161460549137951492 -0.6672906599155769003 0.8929213667636169971 0.5 
-1.0000000000000000199e+30 -1.0000000000000000199e+30 0 0 0 0 0 0 0 0 0 0 0 0 0 0 0 0 0 0 0 0 0 0 0 0 0 0 0 0 0 0 0 
-1.0000000000000000199e+30 -1.0000000000000000199e+30 0 0 0 0 0 0 0 0 0 0 0 0 0 0 0 0 0 0 0 0 0 0 0 0 0 0 0 0 0 0 0 
-1.0000000000000000199e+30 -1.0000000000000000199e+30 0 0 0 0 0 0 0 0 0 0 0 0 0 0 0 0 0 0 0 0 0 0 0 0 0 0 0 0 0 0 0 
-1.0000000000000000199e+30 -1.0000000000000000199e+30 0 0 0 0 0 0 0 0 0 0 0 0 0 0 0 0 0 0 0 0 0 0 0 0 0 0 0 0 0 0 0 
-1.0000000000000000199e+30 -1.0000000000000000199e+30 0 0 0 0 0 0 0 0 0 0 0 0 0 0 0 0 0 0 0 0 0 0 0 0 0 0 0 0 0 0 0 
-1641513.7245019441471 -1641519.8653710524086 0.0050120758010579330444 0.0090451674631747622235 0.87525595348064566537 0.19184752632183091348 0.72600258856891752846 0.085878315343468250576 2.4764063889474949853 0.24088374911992219141 0.99822098449745644277 0.8689409832557560831 0.83392950584008473935 0.00052034175770893803005 0.0034857272580239382492 0.0011871859068416030017 0.96315024474119670383 0.083821881795302033424 0.35835581552237272263 0.82192935398779809475 0.0012727529928088189212 0.0025875594979152083223 1.0002284473739564419 0.99728030216829866017 0.022811073607660183743 -1.714433046086826451 -1.2514131231642826592 -0.94587082940069189263 0.88649612123790111351 -0.74441650645001422593 -0.13171745697175182843 0.8929213667636169971 0.5 
