-1.0000000000000000199e+30 -1.0000000000000000199e+30 0 0 0 0 0 0 0 0 0 0 0 0 0 0 0 0 0 0 0 0 0 0 0 0 0 0 0 0 0 0 0 
1463.0006925620673428 1455.1436524837404249 0.0057006994518870824848 0.0091272208440873886515 0.77261047407394656261 0.59701300837682214073 0.96985705851446080139 0.10611367726350817708 3.8375986440995548676 0.11003101226362942133 0.99583468271370667591 0.90082072886974551285 0.88240327867325818456 0.00086345231605325313464 0.0019178010543067138677 0.0013043835889414317521 -0.022194527322128870805 0.5542663378868835089 0.20486745416948692888 0.60849204772213683068 0.0010443838863140233325 0.00015285114910962679024 3.4966373163163355642 0.99728030216829866017 0.085207721140864361997 -1.714433046086826451 -1.2514131231642826592 -0.94587082940069189263 -2.0914283198628775828 -0.7330118846654571918 -0.069545558649539318541 0.3791122582321669876 0.5 
-1.0000000000000000199e+30 -1.0000000000000000199e+30 0 0 0 0 0 0 0 0 0 0 0 0 0 0 0 0 0 0 0 0 0 0 0 0 0 0 0 0 0 0 0 
-1.0000000000000000199e+30 -1.0000000000000000199e+30 0 0 0 0 0 0 0 0 0 0 0 0 0 0 0 0 0 0 0 0 0 0 0 0 0 0 0 0 0 0 0 
-1.0000000000000000199e+30 -1.0000000000000000199e+30 0 0 0 0 0 0 0 0 0 0 0 0 0 0 0 0 0 0 0 0 0 0 0 0 0 0 0 0 0 0 0 
1390.6340958714640692 1382.8138636084640893 0.0054231215243331354348 0.0082458310329538066913 0.83644368839509819491 0.12320223729495592691 0.91262021901832501847 0.10940428172426036602 3.7140137391603329498 0.20906421425740012721 0.99766759107593028233 0.91859508432895375929 0.89409749158101470279 0.00079233342638170478275 0.0033615625629686376498 0.0008087275718086180034 0.42826440219863970427 0.83905548048381506376 0.058847377377809047261 0.39039757045024203741 0.019262268861416815408 0.00089743718332375987945 4.9219260523760901549 0.99728030216829866017 0.085198239437235853688 -1.714433046086826451 -1.2514131231642826592 -0.94587082940069189263 0.042326489531472596961 -0.0021425649166806805951 0.015862133560956760692 0.37911217593594009889 0.5 
-1.0000000000000000199e+30 -1.0000000000000000199e+30 0 0 0 0 0 0 0 0 0 0 0 0 0 0 0 0 0 0 0 0 0 0 0 0 0 0 0 0 0 0 0 
1420.281130511094716 1418.0542515794165865 0.0053688361094743368082 0.0090423047694818282222 0.8601506711107417269 0.20604123386862219225 0.91929025753653859088 0.36602196365116096421 3.3083454086845076603 0.14957039392606169548 0.9980116726836654184 0.95027018034687593673 0.80822823821372824504 0.0024039512200920687933 0.0018104177349685687901 0.0014985658357531989483 -0.32382099253860208155 4.5900291102413002332e-06 1.3124094512641646778e-05 0.96465444181849546723 0.19379524207052373219 0.004511563465810635408 3.5250543072422990676 0.99728030216829866017 0.085197770971736530576 -1.714433046086826451 -1.2514131231642826592 -0.94587082940069189263 0.12358613448197683371 0.093550686447275266389 -0.016767757567830096632 0.3791121500928437138 0.5 
-1.0000000000000000199e+30 -1.0000000000000000199e+30 0 0 0 0 0 0 0 0 0 0 0 0 0 0 0 0 0 0 0 0 0 0 0 0 0 0 0 0 0 0 0 
-1.0000000000000000199e+30 -1.0000000000000000199e+30 0 0 0 0 0 0 0 0 0 0 0 0 0 0 0 0 0 0 0 0 0 0 0 0 0 0 0 0 0 0 0 
-1.0000000000000000199e+30 -1.0000000000000000199e+30 0 0 0 0 0 0 0 0 0 0 0 0 0 0 0 0 0 0 0 0 0 0 0 0 0 0 0 0 0 0 0 
-1.0000000000000000199e+30 -1.0000000000000000199e+30 0 0 0 0 0 0 0 0 0 0 0 0 0 0 0 0 0 0 0 0 0 0 0 0 0 0 0 0 0 0 0 
-1.0000000000000000199e+30 -1.0000000000000000199e+30 0 0 0 0 0 0 0 0 0 0 0 0 0 0 0 0 0 0 0 0 0 0 0 0 0 0 0 0 0 0 0 
-1.0000000000000000199e+30 -1.0000000000000000199e+30 0 0 0 0 0 0 0 0 0 0 0 0 0 0 0 0 0 0 0 0 0 0 0 0 0 0 0 0 0 0 0 
-1.0000000000000000199e+30 -1.0000000000000000199e+30 0 0 0 0 0 0 0 0 0 0 0 0 0 0 0 0 0 0 0 0 0 0 0 0 0 0 0 0 0 0 0 
-65958.175395636731992 -65975.755455454404 0.0048006897067153376374 0.0083511311891239382171 0.83037496217299211487 0.13255329282608194208 0.60269977341902036816 0.088087463829745929478 2.3119060069799854951 0.15426604901196983022 0.99350695019417245568 0.9169515187255270483 0.84840384758665099429 0.00061658158162526297778 0.0033676923395181222048 0.0011988861222526113817 1.2015445809362839125 0.45499293480741453966 0.031866689246124513257 0.39956572360230668828 0.016712546405201374189 0.00013535783168337384738 4.1582485102213526673 0.99728030216829866017 0.085197770971736530576 -1.714433046086826451 -1.2514131231642826592 -0.94587082940069189263 -0.12995658378908886421 1.4908455998864720282 -0.0072789476317930597304 0.3791121500928437138 0.5 
-1.0000000000000000199e+30 -1.0000000000000000199e+30 0 0 0 0 0 0 0 0 0 0 0 0 0 0 0 0 0 0 0 0 0 0 0 0 0 0 0 0 0 0 0 
1250.2911080161206883 1252.002497453340311 0.003253888860875655837 0.0075690574039547165938 0.66275582303701374709 0.0053707034500253573658 0.041846514224877499888 0.11395087841714576782 1.5281468739816683744 0.3008219526506429875 0.8024465703809363637 0.6212787741254622853 0.87036582640369675179 0.0025479059767762584493 0.30215711852431387241 0.0011764477569791008827 -1.102683687612945107 0.69708499416675939742 0.30839540926532066356 0.52978576105457886314 0.033891932321916576343 0.0001101116398734825044 1.4950143309419234861 0.99728030216829866017 0.085197770971736530576 -1.714433046086826451 -1.2514131231642826592 -0.94587082940069189263 -0.22136463730958505502 -1.6183155474048971367 0.036984432480349598016 0.3791121500928437138 0.5 
-1.0000000000000000199e+30 -1.0000000000000000199e+30 0 0 0 0 0 0 0 0 0 0 0 0 0 0 0 0 0 0 0 0 0 0 0 0 0 0 0 0 0 0 0 
1449.9980211617012174 1441.3601298228898031 0.0038939387585222849132 0.0045941652267016512556 0.83755576822307442608 0.15363828677707266901 0.90296397846931830689 0.085671153739945993255 3.3681346942800671762 0.21778022489221315894 0.99640169419948920737 0.88846984566895670365 0.90164553673730030159 0.00058390188522286696517 0.003949885619072368223 0.0012377321638600328156 -0.064589150541298392949 0.52908002422128042053 0.7787760667563560224 0.78039517616036646608 0.0026173555035918344945 8.2640456847922076676e-05 2.2426206658717506848 0.99728030216829866017 0.086908686980482888207 -1.714433046086826451 -1.2514131231642826592 -0.94587082940069189263 1.3870254986168302214 -0.43038581316709334512 -0.83080246611603247864 0.38492501536320516964 0.5 
-1.0000000000000000199e+30 -1.0000000000000000199e+30 0 0 0 0 0 0 0 0 0 0 0 0 0 0 0 0 0 0 0 0 0 0 0 0 0 0 0 0 0 0 0 
-27582.845985549094621 -27589.154133329069737 0.0054255129129006625724 0.0093965009580680245588 0.89531455221898792463 0.20652063518222185667 0.88356195479811083793 0.14976429681322767085 2.8689225859358833404 0.15044837701950508624 0.99683681512484823006 0.88972951764206498204 0.82960951470060984025 0.00083944534151138457123 0.0024466942301260160252 0.0013227088442486943046 0.67215711973604708174 0.22972216922789812088 0.79823087272234261036 0.07302233460359275341 0.0077832456468604508878 0.0063509211991913620127 2.1810691682621836662 0.99728030216829866017 0.086908686980482888207 -1.714433046086826451 -1.2514131231642826592 -0.94587082940069189263 1.0503120949462683154 -0.37576081498027663619 -2.0262512132125647391 0.38492501536320516964 0.5 
-1.0000000000000000199e+30 -1.0000000000000000199e+30 0 0 0 0 0 0 0 0 0 0 0 0 0 0 0 0 0 0 0 0 0 0 0 0 0 0 0 0 0 0 0 
1421.9628917469112821 1414.2200450636987625 0.004305620347655840334 0.0064089523378519789101 0.81405240655970156904 0.087561914619625855205 0.87952036079974360572 0.14146314835768381002 2.4842127488409140312 0.046577333269251293413 0.99721095886967758837 0.95903662379346743538 0.84529354130773937115 0.0010895537569843543723 0.0017957182969657382084 0.0013388559671825396927 0.39497197730691935291 0.77272848321399545402 0.3955225949690733267 0.5955885296156584463 0.050905985670434077128 0.00010538932102065182357 3.7658979907756364724 0.99728030216829866017 0.12946587835709746916 -1.714433046086826451 -1.2514131231642826592 -0.94587082940069189263 -1.5512160422607652599 0.30011527175957147806 0.12560229279128989899 0.36403780475872843381 0.5 
-1.0000000000000000199e+30 -1.0000000000000000199e+30 0 0 0 0 0 0 0 0 0 0 0 0 0 0 0 0 0 0 0 0 0 0 0 0 0 0 0 0 0 0 0 
-16068.250346647808328 -16088.604486402040493 0.0042872160277329382852 0.0053537860838696361976 0.56521180504932999611 0.88986264448612928391 0.44575797137804329395 0.88639688398689031601 2.0085603359155355108 0.38243452203460037708 0.85993528235703708962 0.85879436223767702252 0.6558753233402967453 0.0034823271306231619315 0.00070624327519908547835 0.00013424017699435354255 -0.064868961261783625316 0.91310392359643177684 0.52040457652546823208 0.82908363959141928579 0.010143512452063959545 6.6229337115544917162e-05 5.0154457439641966232 0.99728030216829866017 0.12946587835709746916 -1.714433046086826451 -1.2514131231642826592 -0.94587082940069189263 0.32533338200280437214 0.015027019769509552399 0.042371089833336816888 0.36403780475872843381 0.5 
-1.0000000000000000199e+30 -1.0000000000000000199e+30 0 0 0 0 0 0 0 0 0 0 0 0 0 0 0 0 0 0 0 0 0 0 0 0 0 0 0 0 0 0 0 
1298.6912873115904858 1297.5550255908542567 0.0068525468513368206422 0.015337272534398208729 0.76776799596686939875 0.2042775797556062034 0.49521679103535715116 0.079424851043626690239 3.4178020394424737383 0.35854576401565030341 0.99828645398309101555 0.24362467488748357214 0.25485685403069507915 0.00092563920441671198366 0.024876640831920440733 0.0057544648626597708074 -1.3880434789498155013 0.63505357427295483497 0.99642823110591394187 0.58089901234523699802 0.0001151791580679837674 0.02126783745933739922 3.3514078313471729054 0.99728030216829866017 0.082423461571407299897 -1.714433046086826451 -1.2514131231642826592 -0.94587082940069189263 0.081742491815701437408 0.19029925944417280803 0.03112286867875744753 0.36053737568450489048 0.5 
-1.0000000000000000199e+30 -1.0000000000000000199e+30 0 0 0 0 0 0 0 0 0 0 0 0 0 0 0 0 0 0 0 0 0 0 0 0 0 0 0 0 0 0 0 
-152951.64034649694804 -152966.58957112170174 0.0066898761410266165822 0.0095758333134775362044 0.28999906801618635654 0.87335823569446802139 0.65039140987209975719 0.47648729803040623665 2.5496647988446055066 0.057073067408055067062 0.85483251167461271613 0.76837217640131716401 0.14807599480263888836 0.004752217780333012169 6.7567224614322189853e-05 0.00030098152812570334999 -0.11638459558331439025 0.039201708986851817318 0.68889544661131341119 0.72683113173511204597 0.01456286309107268119 0.01204538698048018483 2.7754346448231119737 0.99728030216829866017 0.082423461571407299897 -1.714433046086826451 -1.2514131231642826592 -0.94587082940069189263 -1.6124015123987378573 0.031553618386709988974 -0.0082933217580699360172 0.36053737568450489048 0.5 
-1.0000000000000000199e+30 -1.0000000000000000199e+30 0 0 0 0 0 0 0 0 0 0 0 0 0 0 0 0 0 0 0 0 0 0 0 0 0 0 0 0 0 0 0 
1438.181193226060941 1435.1755504654393008 0.004437004231972556216 0.0068838897467458984303 0.8229184640012771057 0.39850602328736872693 0.77998846196769022754 0.11109129273048928832 2.7994351721893395712 0.12858879999503602942 0.99710585398555939829 0.94311970113417475936 0.79962053987475001371 0.00074628937631306254893 0.0017540681642810287879 0.0014060878249515245016 -0.11504041800046739541 0.29087655358207475942 0.78103206290255799971 0.57261467515916719684 0.00016074813586008582234 36.765839780147686611 4.6997240183716026962 0.99728030216829866017 0.0019660507971812619769 -1.714433046086826451 -1.2514131231642826592 -0.94587082940069189263 -0.18849391989423708305 -0.0031512522115054704755 0.00016418694785259860453 0.35209351558845397578 0.5 
-1.0000000000000000199e+30 -1.0000000000000000199e+30 0 0 0 0 0 0 0 0 0 0 0 0 0 0 0 0 0 0 0 0 0 0 0 0 0 0 0 0 0 0 0 
-36257.294627350209339 -36262.269532407270162 0.0049841880772817795733 0.0085362111673744720669 0.8514464780315572634 0.27003820740712569659 0.92358615580845249138 0.079117530981828096404 2.882830622271821408 0.25210682772805637075 0.99740441407869850909 0.92181641530557612008 0.83197382256051177762 0.0004609557614967985952 0.002185864356460846987 0.0012431186848962743306 2.5204065898998875284 0.57369072386063635349 0.90707813994958996773 0.017881029518321156502 0.0087603772478178146277 0.0069978172588162123116 2.1316592118237167597 0.99728030216829866017 0.0019660507971812619769 -1.714433046086826451 -1.2514131231642826592 -0.94587082940069189263 -1.9199217440250577749 1.0605481283134490234 1.0841952645500085861 0.35209351558845397578 0.5 
-1.0000000000000000199e+30 -1.0000000000000000199e+30 0 0 0 0 0 0 0 0 0 0 0 0 0 0 0 0 0 0 0 0 0 0 0 0 0 0 0 0 0 0 0 
1376.4950859723176109 1372.0426782223587452 0.0047228597560246840872 0.0065532168145975271817 0.88653688992852952566 0.10713373287993470384 0.79295652470603839035 0.13390662807252673439 2.7899811783097159257 0.18101105534276187847 0.99692266600065870819 0.95922517672635754238 0.86111617478692503713 0.00076954794102515816992 0.0023835947481211142672 0.0012326284635395192042 -0.44786566708048430874 0.23879603361182097365 0.28462518964826233336 0.68652836132427941251 0.16710524320543324039 0.013237066809270484416 2.8253114270851855672 0.99728030216829866017 0.0018060852063955694976 -1.714433046086826451 -1.2514131231642826592 -0.94587082940069189263 1.1772743555267999316 1.8095200996040670116 -0.23926034472011989407 0.35205693777021301871 0.5 
-1.0000000000000000199e+30 -1.0000000000000000199e+30 0 0 0 0 0 0 0 0 0 0 0 0 0 0 0 0 0 0 0 0 0 0 0 0 0 0 0 0 0 0 0 
1483.7379590417071995 1475.6464108775610384 0.0050501178445915319293 0.0096801698630620391234 0.69201130942226207754 0.11011328414092601269 0.049842372608153835689 0.020773343609494576006 3.1063067132185411268 0.58350347350704323546 0.061349495051371785714 0.94108918529625118499 0.94342162536368845416 0.0014511420937680624254 0.0059158235254934540479 0.0011035241197100004173 -0.36181027106507068769 0.45093441904941861109 0.37716548587785642122 0.68560329243613438166 0.0023468810007803765118 0.069735368356310778459 2.9650344214898782802 0.99728030216829866017 0.0018570620211339607195 -1.714433046086826451 -1.2514131231642826592 -0.94587082940069189263 -0.4162974395499768332 0.42707315098846992951 0.08099682666175289647 0.35190156679988726651 0.5 
-1.0000000000000000199e+30 -1.0000000000000000199e+30 0 0 0 0 0 0 0 0 0 0 0 0 0 0 0 0 0 0 0 0 0 0 0 0 0 0 0 0 0 0 0 
1518.5122553331350446 1521.0755605612139334 0.0061853100700763035541 0.011118537650928799962 0.85027722534048932879 0.020857555871688731458 0.99532231779810154126 0.081523281919936088635 3.4005894334747854835 0.016132289444196687422 0.99932341635293420179 0.90794144593981418456 0.90976325176022365682 0.0005748427220021264843 0.0076581017292007827132 0.001237575842903925567 -0.09733445775354813978 0.044488314853464661081 0.10312705863243198934 0.68469501197206628085 0.0001374671478811230951 0.13791874717297417097 3.406021458620472675 0.99728030216829866017 0.027058343654353847474 -1.714433046086826451 -1.2514131231642826592 -0.94587082940069189263 0.014748924736043125816 -0.019324889722249105617 0.014326343399429937106 0.90725393917980401426 0.5 
-1.0000000000000000199e+30 -1.0000000000000000199e+30 0 0 0 0 0 0 0 0 0 0 0 0 0 0 0 0 0 0 0 0 0 0 0 0 0 0 0 0 0 0 0 
1149.7249491991260584 1146.6999408300434879 0.0011059317975279329017 0.01165222576647345111 0.70758159898593864234 0.137185434927370703 0.013357153512170722581 0.0025083338391746162581 1.5406869200374515572 0.31806876976794457024 0.01357654116223078189 0.90602075075335741783 0.85273906327893755908 0.0014909535601653569649 0.0048776000617827648329 0.0012036882873013615876 -0.44526915003402317561 0.19492563478343011285 0.69054528217682031865 0.65904499925794823856 0.014432753779863393903 0.00045889942722731241797 1.9906831401022069272 0.99728030216829866017 0.027173720028991890652 -1.714433046086826451 -1.2514131231642826592 -0.94587082940069189263 -0.53888326914394935052 0.16615115837764263262 -0.98858441569865107557 0.90698398103501154388 0.5 
-1.0000000000000000199e+30 -1.0000000000000000199e+30 0 0 0 0 0 0 0 0 0 0 0 0 0 0 0 0 0 0 0 0 0 0 0 0 0 0 0 0 0 0 0 
1474.1591011643049569 1458.1322136748015055 0.0040536320194231624525 0.0078705007285732302841 0.65316369436148402627 0.14898425107456886307 0.17056922027326146263 0.013371338382414261689 2.1712970031556189099 0.30707764052013858391 0.15651304914150246383 0.87436248709653696665 0.82316338354514984044 0.0012888909940345835963 0.0061537387285813035381 0.0012056922761704996251 -0.23027448747235670923 0.72831091498209010737 0.43227299022676224372 0.4555415533261586436 0.0014855258786430345416 2.3028704612953887482e-05 3.1671595459207515511 0.99728030216829866017 0.027173945446761774841 -1.714433046086826451 -1.2514131231642826592 -0.94587082940069189263 1.6152343215471749449 -0.55385770185077687344 0.00080830635501197821164 0.90698346929244988424 0.5 
-1.0000000000000000199e+30 -1.0000000000000000199e+30 0 0 0 0 0 0 0 0 0 0 0 0 0 0 0 0 0 0 0 0 0 0 0 0 0 0 0 0 0 0 0 
1461.0681082465521285 1449.5682118037811961 0.0048265459803372235195 0.0076486043054662077034 0.75010092280787032948 0.53161384773460018671 0.94702831013518995462 0.082056712097966028052 2.5565838536007170489 0.067904090222860841175 0.99026039320090175622 0.9388256759817144026 0.81429446100653113394 0.00069047196654280207622 0.0014025433081923048117 0.0013175212027042232984 -0.0095353436197912859462 0.5439431583263686365 0.94488597926151063344 0.21958961384357392199 0.00015386165283001019361 0.002628765003714339521 1.5619153126708620327 0.99728030216829866017 0.042642781357743984871 -1.714433046086826451 -1.2514131231642826592 -0.94587082940069189263 -0.27528090028705609615 1.0145356971898762399 1.0397930009698319598 0.97090781495284483871 0.5 
-1.0000000000000000199e+30 -1.0000000000000000199e+30 0 0 0 0 0 0 0 0 0 0 0 0 0 0 0 0 0 0 0 0 0 0 0 0 0 0 0 0 0 0 0 
1290.8509178959150177 1288.5530067107108607 0.0044294655682020761533 0.0097699493279499189519 0.66481518780024528859 0.01593122375038220559 0.90952402931900377947 0.020266224915368336035 2.4829648681808920152 0.74443785199844958456 0.92760915153476397599 0.090557256927853033157 0.99413864229167192565 0.0002022005832842464052 0.54898734016578887296 0.001289889228939263173 0.93166765358407832576 0.88913151553926883519 0.63572008249097700094 0.28031957497156873016 0.025978257669668311514 0.00024132768565411199385 2.9248252228535127628 0.99728030216829866017 0.042642781357743984871 -1.714433046086826451 -1.2514131231642826592 -0.94587082940069189263 -0.8825951071299278361 0.18876989767989535429 0.20623187857239855258 0.97090781495284483871 0.5 
-1.0000000000000000199e+30 -1.0000000000000000199e+30 0 0 0 0 0 0 0 0 0 0 0 0 0 0 0 0 0 0 0 0 0 0 0 0 0 0 0 0 0 0 0 
-1.0000000000000000199e+30 -1.0000000000000000199e+30 0 0 0 0 0 0 0 0 0 0 0 0 0 0 0 0 0 0 0 0 0 0 0 0 0 0 0 0 0 0 0 
-1.0000000000000000199e+30 -1.0000000000000000199e+30 0 0 0 0 0 0 0 0 0 0 0 0 0 0 0 0 0 0 0 0 0 0 0 0 0 0 0 0 0 0 0 
1520.7516031002960517 1516.1980298734067674 0.0053252735236690666026 0.0089206683428353188148 0.85705932388928107724 0.078363187699379929785 0.89816099554509387648 0.13950570557819066964 2.8382201046945358947 0.13320496064658662871 0.9988622840128499325 0.90912249656408572474 0.87113022625317215741 0.00087125022883029461934 0.0033759879892630568869 0.0012541778397862125578 0.59119979697932922846 0.97850575067322242973 0.99617125722665600396 0.54962126199659733228 0.001448351109021439511 7.1857256826811011685e-05 4.2227032146308065563 0.99728030216829866017 0.042638645853387391327 -1.714433046086826451 -1.2514131231642826592 -0.94587082940069189263 0.016687760312375066185 -0.012016335076852138752 -0.012377840216467657364 0.9709079422886033317 0.5 
-1.0000000000000000199e+30 -1.0000000000000000199e+30 0 0 0 0 0 0 0 0 0 0 0 0 0 0 0 0 0 0 0 0 0 0 0 0 0 0 0 0 0 0 0 
1159.8492119238298983 1164.7101201765347014 0.0050388232905200893222 0.009006374810774637682 0.92276569990020540502 0.28117081936835203182 0.72749431749601567443 0.12893769852848080415 2.6928282954634989999 0.24718267911577182505 0.99166654799089182237 0.91217793496151633459 0.80332728426482491457 0.00073130405162714592123 0.0023361233661109582355 0.0012936810747176173773 0.62013166050830492715 0.37248129886575043201 0.86122302385047078133 0.99038234632462263107 0.0049870452377945182973 0.0026697065471671522878 1.4794390010647475719 0.99728030216829866017 0.042638645853387391327 -1.714433046086826451 -1.2514131231642826592 -0.94587082940069189263 1.0565700309533847534 -0.63321399435483649576 -3.4272125662294938842 0.9709079422886033317 0.5 
-1.0000000000000000199e+30 -1.0000000000000000199e+30 0 0 0 0 0 0 0 0 0 0 0 0 0 0 0 0 0 0 0 0 0 0 0 0 0 0 0 0 0 0 0 
-1.0000000000000000199e+30 -1.0000000000000000199e+30 0 0 0 0 0 0 0 0 0 0 0 0 0 0 0 0 0 0 0 0 0 0 0 0 0 0 0 0 0 0 0 
-1.0000000000000000199e+30 -1.0000000000000000199e+30 0 0 0 0 0 0 0 0 0 0 0 0 0 0 0 0 0 0 0 0 0 0 0 0 0 0 0 0 0 0 0 
1470.7912772326692448 1465.3153897888112169 0.0036895758739625573314 0.0041639511903705872867 0.75518170617887636631 0.12845986643601356447 0.90832891083660594056 0.055879919810116765455 2.8024750130043387664 0.088711764359464415075 0.99938552040270456356 0.93444294500960356498 0.86642368156514537603 0.0004460047993997405839 0.0024278606879874365526 0.0012345331043191215981 -0.03461873553008125437 0.78489657353306441223 0.92662461697359288504 0.022166071837919774229 0.0037076481596019015934 0.00014662027369622009543 1.7813558809399623328 0.99728030216829866017 0.06781494527652461024 -1.714433046086826451 -1.2514131231642826592 -0.94587082940069189263 -0.37502017339082660552 1.3383404539712755454 -0.13715340147136831361 0.95238462417847880026 0.5 
-1.0000000000000000199e+30 -1.0000000000000000199e+30 0 0 0 0 0 0 0 0 0 0 0 0 0 0 0 0 0 0 0 0 0 0 0 0 0 0 0 0 0 0 0 
-19304.863882955549343 -19308.422121657986281 0.0052130856910790872999 0.007806550629299014582 0.91605665463756813516 0.14849966815862131186 0.95989146915586598396 0.10784474477752060972 3.6203249505414807352 0.22549863084219895493 0.99622388342146839246 0.97166893769842110906 0.89331985255614088093 0.00063027579608688599332 0.0019677446797181389823 0.0012510778997518706267 1.2323375276342869444 0.040472760098055005074 0.62931267591193318367 0.31360407406464219093 0.0074566992768086495791 0.00081983716459944845547 1.3368275155080482364 0.99728030216829866017 0.06781494527652461024 -1.714433046086826451 -1.2514131231642826592 -0.94587082940069189263 -0.097333953686883259437 1.5466080953912675344 -0.088602171871736565278 0.95238462417847880026 0.5 
-1.0000000000000000199e+30 -1.0000000000000000199e+30 0 0 0 0 0 0 0 0 0 0 0 0 0 0 0 0 0 0 0 0 0 0 0 0 0 0 0 0 0 0 0 
1474.7296737977437715 1464.8594509063077567 0.0051291012357841808678 0.0083582260957412151531 0.86561474701361862394 0.23165678825594324119 0.88794636306948981908 0.11369659263444335806 3.4587145270657231322 0.21552865107138358125 0.99512017792962614848 0.93465001112219059376 0.85961674619833650102 0.00070512854100842519475 0.0023895207836103732162 0.0013853787496782832538 -0.011588111373578147481 0.33716144570791162227 0.84250105854008017214 0.51036807974797904208 8.1360503001601410227e-05 0.012409854784119858997 3.2348550632492578671 0.99728030216829866017 0.067814946877971918338 -1.714433046086826451 -1.2514131231642826592 -0.94587082940069189263 0.17406839867507681308 -0.1120843432173357912 -0.0004101303199543175214 0.95238497449210857138 0.5 
-1.0000000000000000199e+30 -1.0000000000000000199e+30 0 0 0 0 0 0 0 0 0 0 0 0 0 0 0 0 0 0 0 0 0 0 0 0 0 0 0 0 0 0 0 
-11925.696587987677049 -11941.303128692848986 0.0038865490944590417102 0.0045643923769239334864 0.85634341416880488396 0.23466558870859444141 0.14745224872604012489 0.43876241985708475113 1.9145469381008297649 0.74653202691115438938 0.78004546985030176476 0.76626752829179167747 0.41352360905148088932 0.0081194300111383198304 0.0086006619036197665823 0.00048048095544800162099 -0.43270300800961047916 0.56687787789376609116 4.9008586121369861453e-10 0.76339993454304733156 0.026827535632942628441 6.4742942034044410351e-05 4.1491538285469387048 0.99728030216829866017 0.067814946877971918338 -1.714433046086826451 -1.2514131231642826592 -0.94587082940069189263 0.80937972367532917684 0.0621317032957331844 0.38648407178150800956 0.95238497449210857138 0.5 
-1.0000000000000000199e+30 -1.0000000000000000199e+30 0 0 0 0 0 0 0 0 0 0 0 0 0 0 0 0 0 0 0 0 0 0 0 0 0 0 0 0 0 0 0 
1457.4676336130148684 1453.1626832575341268 0.0050335888738811066651 0.0084216888609606431471 0.8472443423289415243 0.14918680354277619182 0.93338979796747811868 0.085874596465497915476 2.7326429783800230133 0.1780106952956933275 0.99701595858896607805 0.92176907303000454874 0.84848588331319674261 0.00050502862682549811302 0.0025383907064915932697 0.001233724993544031397 -0.0081884243875689072256 2.07643517536553786e-06 0.00051532456808461163389 0.43632878151074083739 0.12337323022587014243 0.03330135260100677147 3.1232998977302557364 0.99728030216829866017 0.067814946877971918338 -1.714433046086826451 -1.2514131231642826592 -0.94587082940069189263 0.092411774202397961586 0.018873357605362676981 0.0015409109732473029973 0.95238497449210857138 0.5 
-1.0000000000000000199e+30 -1.0000000000000000199e+30 0 0 0 0 0 0 0 0 0 0 0 0 0 0 0 0 0 0 0 0 0 0 0 0 0 0 0 0 0 0 0 
1290.8203169584362513 1293.1395665785935307 0.0040598414713239284676 0.0067824699439012958377 0.7605904483127832183 0.15544375862242656994 0.94556952025280172069 0.034153547431697676984 3.6467330707295571024 0.97619794440572893457 0.96230624605437775632 0.71948923939404729744 0.87825384990906008031 0.00019236721529238356727 0.010485852220564364015 0.0016808143102417405935 1.3031321202337833309 0.88271742904707106714 0.40978905163615653162 0.64900949718832268154 0.076564544457615138495 6.2312019016472000046e-05 3.1099996277682313561 0.99728030216829866017 0.067814946877971918338 -1.714433046086826451 -1.2514131231642826592 -0.94587082940069189263 -2.3230909265604622327 1.3564741300445068983 -1.2930163131803760201 0.95238497449210857138 0.5 
-1.0000000000000000199e+30 -1.0000000000000000199e+30 0 0 0 0 0 0 0 0 0 0 0 0 0 0 0 0 0 0 0 0 0 0 0 0 0 0 0 0 0 0 0 
1575.5499488897633 1564.0640963354360338 0.0060911693106984387755 0.01102312065900252526 0.79729440786821548226 0.072938548588396809325 0.86403773299776764905 0.073526476686709571484 2.8190896222515626768 0.12822172154538824529 0.99917850548200337624 0.89724431973556317832 0.88238244524323039553 0.00052926663631140419969 0.0045521999968782681303 0.0012428413203055788897 -0.034368434467406824839 0.82110242394700472257 0.35918495935292871213 0.56422145743282670072 0.0011516147612583556379 0.00065932936753937887095 4.3777774774124615931 0.99728030216829866017 -3.6040863134356787491e-05 -1.714433046086826451 -1.2514131231642826592 -0.94587082940069189263 -0.0021714894391313072433 -0.0016495935704160292774 -0.00048331259684736114926 0.81990015141636674034 0.5 
-1.0000000000000000199e+30 -1.0000000000000000199e+30 0 0 0 0 0 0 0 0 0 0 0 0 0 0 0 0 0 0 0 0 0 0 0 0 0 0 0 0 0 0 0 
1431.7036260614693219 1426.3046568030433718 0.0056197939025161257331 0.0079477395542552359969 0.85490665865138937285 0.02146697803971112789 0.82286444190761387496 0.15752957338967363277 2.5852621945605345211 0.0047913941882700037886 0.99890956657604035307 0.89638950198176980955 0.90879461163322550199 0.00099143052985088079426 0.0054899874670510193791 0.0011934599372060360981 0.90025522547080139013 0.93856030144738356036 0.20166558215653454522 0.28610037885055544793 0.0078085381263854761538 0.00017561954465657191905 2.2917382505589869446 0.99728030216829866017 0.17075924872993752945 -1.714433046086826451 -1.2514131231642826592 -0.94587082940069189263 0.76479078511475517832 1.0281310909214584903 0.050935488799066591659 0.96834484244979979195 0.5 
-1.0000000000000000199e+30 -1.0000000000000000199e+30 0 0 0 0 0 0 0 0 0 0 0 0 0 0 0 0 0 0 0 0 0 0 0 0 0 0 0 0 0 0 0 
1553.6319478814073136 1540.233366676088508 0.0046434687467736927846 0.0080845447858077096326 0.81230115040994088638 0.06616241029557809461 0.70520518967032541635 0.074254020619297506078 2.4120510576948981374 0.17874003243629735249 0.99661817148303033509 0.84440060744938150172 0.85875224505317271362 0.00048105204829212988571 0.0077275648460923282781 0.0012007738894513470245 -0.31657254347538582584 0.69128502310252060159 0.0011125567159776465331 0.60557902458547074875 0.0012706983594046145861 0.00015504641210351073253 3.9894963722543033136 0.99728030216829866017 0.20622400542068078377 -1.714433046086826451 -1.2514131231642826592 -0.94587082940069189263 -0.001656821757827180077 -0.0023388035242804952954 -0.0026606109756037777704 0.99510391095659578298 0.5 
-1.0000000000000000199e+30 -1.0000000000000000199e+30 0 0 0 0 0 0 0 0 0 0 0 0 0 0 0 0 0 0 0 0 0 0 0 0 0 0 0 0 0 0 0 
1367.2462177278523541 1371.849587734284114 0.0042236571032102402865 0.0070182673466515320404 0.91021839662214243383 0.21676140498245652366 0.80184991767810243068 0.10741793758563349115 2.42079351606728288 0.1876576750395426707 0.99527042079922034556 0.92773487145867605808 0.81065971779979317802 0.00062531805293093646776 0.0023391733664813742742 0.0012713617534411945659 0.067867536998048968999 0.15908712442648262342 0.3019692541176733358 0.7296987482321884988 9.5722617115825416826e-05 2.0641746136769980602 1.0589790302166126601 0.99728030216829866017 0.20622401283161029273 -1.714433046086826451 -1.2514131231642826592 -0.94587082940069189263 2.8305606500197839637 2.8054071774048643384 -0.22191152466145358524 0.99509905402991771783 0.5 
-1.0000000000000000199e+30 -1.0000000000000000199e+30 0 0 0 0 0 0 0 0 0 0 0 0 0 0 0 0 0 0 0 0 0 0 0 0 0 0 0 0 0 0 0 
1378.8200461449687282 1390.2237617994787797 0.0055314133706369254459 0.0084489260409390150308 0.96262333477746864219 0.44727572916658098201 0.8722125421606097273 0.85583082784404373999 4.6800449540402206949 0.079038778900301656649 0.99731952388444933266 0.96103502399990392568 0.82631385278428259866 0.0051597452752611084811 0.0013626642584958317036 0.001976645859295660633 0.2348097917581215277 0.36818029986128847364 0.58475361446966611645 0.65155226232124308083 0.43959134689755408054 0.05051273407224565748 3.7565210589846458333 0.99728030216829866017 0.2106771087416505206 -1.714433046086826451 -1.2514131231642826592 -0.94587082940069189263 0.88400914671150776503 0.70851661876245741745 -0.13066394358236368967 0.97018612970144746388 0.5 
-1.0000000000000000199e+30 -1.0000000000000000199e+30 0 0 0 0 0 0 0 0 0 0 0 0 0 0 0 0 0 0 0 0 0 0 0 0 0 0 0 0 0 0 0 
1266.4806571232716124 1273.5888713965680381 0.0050738281362919341808 0.0092958676419124738888 0.8356507072033017014 0.046059508132756672716 0.756660947375245585 0.064280787875827152811 2.3512262746653131984 0.27673645105907174191 0.99674125476651831423 0.88206814579231729301 0.8646495282965852569 0.00035964470547708446641 0.0075240164800627618025 0.0011314130392294343211 -1.9080532098810167874 0.49561621993780136108 0.68125240434892475605 0.022396573098376393318 0.0046934017748571929887 0.003645708854310214693 1.079573325696401298 0.99728030216829866017 0.2106771087416505206 -1.714433046086826451 -1.2514131231642826592 -0.94587082940069189263 -1.4184079935121371996 1.5457375348866941867 -2.1669077937778755683 0.97018612970144746388 0.5 
-1.0000000000000000199e+30 -1.0000000000000000199e+30 0 0 0 0 0 0 0 0 0 0 0 0 0 0 0 0 0 0 0 0 0 0 0 0 0 0 0 0 0 0 0 
-1.0000000000000000199e+30 -1.0000000000000000199e+30 0 0 0 0 0 0 0 0 0 0 0 0 0 0 0 0 0 0 0 0 0 0 0 0 0 0 0 0 0 0 0 
-1.0000000000000000199e+30 -1.0000000000000000199e+30 0 0 0 0 0 0 0 0 0 0 0 0 0 0 0 0 0 0 0 0 0 0 0 0 0 0 0 0 0 0 0 
1378.558343417798369 1393.5119347049117096 0.0059268419034870763532 0.0099509646296115500386 0.84389475784726342145 0.019486990559618909413 0.84294449575312946354 0.23706027473880036949 2.2412399916937189026 0.03918587635434655353 0.99982630179738762877 0.87703580410665360478 0.87507182036596087293 0.0015950505326566806821 0.0061814822753715930118 0.0012427522766139138116 1.391609179021786824 0.5871536079166094213 0.041454159146229539734 0.59540705494587176094 8.4765851403399867792 7.9139062990772481854 3.6755010965203784856 0.99728030216829866017 0.28845257402974028293 -1.714433046086826451 -1.2514131231642826592 -0.94587082940069189263 -0.12262463252470620634 0.8838697655973802858 -0.085424921411357157552 0.88301040951094533771 0.5 
-1.0000000000000000199e+30 -1.0000000000000000199e+30 0 0 0 0 0 0 0 0 0 0 0 0 0 0 0 0 0 0 0 0 0 0 0 0 0 0 0 0 0 0 0 
1410.85108801596175 1397.709183155487608 0.0044048054169326762361 0.0079171645622707498974 0.80648035668287409994 0.41285477718330504393 0.86485705601212481408 0.01460877579698334483 2.3901322856091655744 0.30467800041691245339 0.97476139037563536149 0.91129871025290343223 0.83611813371684917673 0.00012332243788163154427 0.0025232499085734122306 0.0012377481067317483258 0.23826484110293444374 0.71027841183813988923 0.58904712803736181126 0.68640438636826683894 0.045867982897489910366 0.00013095936961297032072 2.282807121411104756 0.99728030216829866017 0.28845257402974028293 -1.714433046086826451 -1.2514131231642826592 -0.94587082940069189263 -0.73941423434834874229 0.81671794702855260439 -0.12395760809335462649 0.88301040951094533771 0.5 
-1.0000000000000000199e+30 -1.0000000000000000199e+30 0 0 0 0 0 0 0 0 0 0 0 0 0 0 0 0 0 0 0 0 0 0 0 0 0 0 0 0 0 0 0 
-5000.4431972336033141 -4999.6643903967915321 0.005259726645697798339 0.0080433735219254016979 0.87534191929436355739 0.13944372892135165065 0.82685943062484479338 0.13195732345216593107 3.6602297615325207758 0.23744245582627379609 0.99741806072337413358 0.92628224749919030323 0.88007104526750268292 0.00077393094370381131531 0.0027282091456968843475 0.0012812055014450487826 -0.95418027408478289786 0.62897244701161980629 0.85577731137163937092 0.37042492092587053776 0.0032031189789995550589 0.0029938919190317394257 1.5445543222595006227 0.99728030216829866017 0.28845257402974028293 -1.714433046086826451 -1.2514131231642826592 -0.94587082940069189263 -2.1740722547005666421 1.7183707781623276389 1.2040116464793331197 0.88301040951094533771 0.5 
-1.0000000000000000199e+30 -1.0000000000000000199e+30 0 0 0 0 0 0 0 0 0 0 0 0 0 0 0 0 0 0 0 0 0 0 0 0 0 0 0 0 0 0 0 
1399.8071405148677968 1387.8330777852818301 0.0049414076749059116303 0.0082375151086474928536 0.91033646899034281752 0.68001129208344668342 0.85179502837341636301 0.34650598866654352959 2.7436359024501353332 0.20630544003322409674 0.99849696482599559211 0.95109864144352029847 0.76056081724255064636 0.001968440200561786483 0.0012395969799363158303 0.0017383739340694091477 -0.038749191858280004896 3.6603515903293997586e-05 9.5224467240736547697e-06 0.3573121212956274495 0.0063152226389430500542 0.0062493156842818439398 3.7300991956184210707 0.99728030216829866017 0.28844505219284388708 -1.714433046086826451 -1.2514131231642826592 -0.94587082940069189263 0.023723524098990703829 0.035073319075245586174 0.010636601204220474601 0.88302261644645652083 0.5 
-1.0000000000000000199e+30 -1.0000000000000000199e+30 0 0 0 0 0 0 0 0 0 0 0 0 0 0 0 0 0 0 0 0 0 0 0 0 0 0 0 0 0 0 0 
-1.0000000000000000199e+30 -1.0000000000000000199e+30 0 0 0 0 0 0 0 0 0 0 0 0 0 0 0 0 0 0 0 0 0 0 0 0 0 0 0 0 0 0 0 
-1.0000000000000000199e+30 -1.0000000000000000199e+30 0 0 0 0 0 0 0 0 0 0 0 0 0 0 0 0 0 0 0 0 0 0 0 0 0 0 0 0 0 0 0 
1466.5853551941702335 1459.6649356409618576 0.005412544581819772084 0.0092827760665565705461 0.84889705815839355818 0.46995193718769062707 0.95152450236191066235 0.039275947953432484294 3.0645487709983294522 0.11125940878092624442 0.99531952596670236755 0.96077155458827667722 0.85269557433417086934 0.00033297189080919951118 0.0016438384801413707861 0.0012751079156528321353 -0.015582053878285387349 0.26794227137728299226 0.61619717146210162273 0.53805877075562424938 0.0011073586036151738133 0.00026103289966371545075 6.3378043838486979311 0.99728030216829866017 0.29007921315666429507 -1.714433046086826451 -1.2514131231642826592 -0.94587082940069189263 -3.0744505133488990722 -0.49929844868706979577 1.2658985273133984695 0.84571501453392805558 0.5 
-1.0000000000000000199e+30 -1.0000000000000000199e+30 0 0 0 0 0 0 0 0 0 0 0 0 0 0 0 0 0 0 0 0 0 0 0 0 0 0 0 0 0 0 0 
-71320.96759566970286 -71328.545103011725587 0.0051108876272961869386 0.0091388390188913547901 0.87754184850695737818 0.48873395393717677937 0.38938406703924055563 0.36969845051742000752 2.765677685870967295 0.24709177487908245974 0.97954671675627469352 0.92442833214701991551 0.80100950640837098593 0.0023188795740361101312 0.0018228776558464969935 0.0013062344514872671446 -1.5820310487978761493 0.48395271948538720608 0.76442829216830432415 0.94710753741674125195 0.0098945070570334789362 0.0019098416110500692801 2.418109753867611289 0.99728030216829866017 0.29007921315666429507 -1.714433046086826451 -1.2514131231642826592 -0.94587082940069189263 0.12390790285937547388 -0.94343303890019536428 1.7701746409561085471 0.84571501453392805558 0.5 
-1.0000000000000000199e+30 -1.0000000000000000199e+30 0 0 0 0 0 0 0 0 0 0 0 0 0 0 0 0 0 0 0 0 0 0 0 0 0 0 0 0 0 0 0 
1480.9691416263640349 1473.0240321695414423 0.0052597426731539670061 0.0086487507031512891181 0.023599197668012279749 0.31924159563042769916 0.98229826255860264173 0.0031641220754220285467 3.7231229229589479779 0.71112562401463352835 0.81404351558754006746 0.25524769825797488654 0.94004808220407531927 0.00027706428075958744245 0.015929325060334200564 0.0010905311732344940764 -0.0070742273113662762843 0.52461872208770021775 0.59232774795872100704 0.45337608497399428664 0.0001135040224907259051 0.016913478749829263803 3.6549104680849939797 0.99728030216829866017 0.29007921315666429507 -1.714433046086826451 -1.2514131231642826592 -0.94587082940069189263 -0.059375703302697556418 0.087191841713122136825 0.069581142291199646333 0.84571501453392805558 0.5 
-1.0000000000000000199e+30 -1.0000000000000000199e+30 0 0 0 0 0 0 0 0 0 0 0 0 0 0 0 0 0 0 0 0 0 0 0 0 0 0 0 0 0 0 0 
1482.8434000033087159 1478.736551636345439 0.0043026624367849177627 0.0049249384289722060795 0.76324365290695472819 0.20428771145752797067 0.94944415842541263206 0.058726989444565926013 3.5075177192637672086 0.13729958547839626881 0.99959507477061926295 0.92178418550913776564 0.89847330796160806976 0.00046431877188781302095 0.0027330604332037383361 0.0012556778815483926257 -0.019428786494100958038 0.86376576865701837349 0.75350111093284311004 0.62545428799413516074 0.00013929357030686225112 0.010645918818996697591 2.7712218165947191117 0.99728030216829866017 0.30316277676734249003 -1.714433046086826451 -1.2514131231642826592 -0.94587082940069189263 -0.62782755413036739345 0.57297086630696414389 -0.13498181238906270529 0.88599867148116884241 0.5 
