-1.0000000000000000199e+30 -1.0000000000000000199e+30 0 0 0 0 0 0 0 0 0 0 0 0 0 0 0 0 0 0 0 0 0 0 0 0 0 0 0 0 0 0 0 
-6807.3423182132673901 -6810.1248640824214817 0.0047106235487936569395 0.0070085703755875267823 0.93336437245189696199 0.035049879827383174924 0.73215092360295486174 0.30339772748178500672 4.1586810056745120434 0.78537668772442226217 0.88980166632110402336 0.79415169420524933663 0.91266088391068811436 0.0013773256838265114654 0.027766888688713933092 0.0012823349005466589366 1.1888387284515067321 0.37118018721230328083 0.58043399732559919357 0.28706126566976308823 0.0094993802229873837428 0.0096204558876343063134 2.0574100940721109509 0.99728030216829866017 0.00083061017292214607555 -1.714433046086826451 -1.2514131231642826592 -0.94587082940069189263 -0.64742467037145845499 1.9664249299351783673 1.1612022199214955265 0.63651340134263634241 0.5 
-1.0000000000000000199e+30 -1.0000000000000000199e+30 0 0 0 0 0 0 0 0 0 0 0 0 0 0 0 0 0 0 0 0 0 0 0 0 0 0 0 0 0 0 0 
1500.2388953968300029 1483.9927491501523491 0.0049213307441153455318 0.0076906947701904293177 0.64825055732776259987 0.12539833451149134946 0.1427221318582411469 0.015979579950675806138 3.108489100820543527 0.44743136118533022305 0.068763313686798957503 0.94391585005038991518 0.9358195485259060975 0.0012423419845634009646 0.0047988453437635284274 0.0011523049445819565344 -1.6692330335814864473 0.3666568513795794293 0.030920765963392837089 0.72381485443249460321 0.002279968763945326108 0.00012137200795986612676 4.7652250622000158486 0.99728030216829866017 0.0018334561216855709258 -1.714433046086826451 -1.2514131231642826592 -0.94587082940069189263 1.0168483664995455751 1.6500012015402456544 0.56608025237041736943 0.63343802808740878874 0.5 
-1.0000000000000000199e+30 -1.0000000000000000199e+30 0 0 0 0 0 0 0 0 0 0 0 0 0 0 0 0 0 0 0 0 0 0 0 0 0 0 0 0 0 0 0 
-1.0000000000000000199e+30 -1.0000000000000000199e+30 0 0 0 0 0 0 0 0 0 0 0 0 0 0 0 0 0 0 0 0 0 0 0 0 0 0 0 0 0 0 0 
-1.0000000000000000199e+30 -1.0000000000000000199e+30 0 0 0 0 0 0 0 0 0 0 0 0 0 0 0 0 0 0 0 0 0 0 0 0 0 0 0 0 0 0 0 
1521.1842060547219262 1510.7039638944779654 0.0062975289217730183108 0.011044041398141061019 0.70316937056396466854 0.071305780140959756919 0.86242308149769852932 0.091426461248747911692 2.3140066425164662611 0.051194309430172342534 0.9979815185472328265 0.90825871628660792556 0.79674939997001803516 0.00075018650013624916389 0.0035053157434904087288 0.0013586882168318803986 -0.10410758713822917954 0.093665601795737421509 0.91123908615948745471 0.71838735591665736635 0.0093713145328495183611 0.00015646130792705892419 2.4336857144347359139 0.99728030216829866017 -0.00035729476329740268541 -1.714433046086826451 -1.2514131231642826592 -0.94587082940069189263 0.0037867660124180878289 -0.0055248855784307791816 -0.0053553102010388837356 0.67128714264450617399 0.5 
-1.0000000000000000199e+30 -1.0000000000000000199e+30 0 0 0 0 0 0 0 0 0 0 0 0 0 0 0 0 0 0 0 0 0 0 0 0 0 0 0 0 0 0 0 
1166.0506900874077019 1164.3312245137917671 0.0047731122604620047564 0.0086220740829361635499 0.89472524870882230719 0.94785231464087671416 0.60505967625061607418 0.8012799844279537842 2.1810297221767913634 0.02741358713003723066 0.94791767899614365334 0.92451054909311924934 0.018608615204984552127 0.0048022155114976223383 0.0011289705517019924409 0.014502840617918923843 -0.1080785464726973788 0.24006308856539146368 0.33199975839553230728 0.56718428911261520309 42.555749138760191386 7.9844116698950528014e-05 2.350660290183730794 0.99728030216829866017 -0.0003570602539880885092 -1.714433046086826451 -1.2514131231642826592 -0.94587082940069189263 -0.73581339613125107402 1.0071922331316875976 0.8513317544115515112 0.67128849411937441261 0.5 
-1.0000000000000000199e+30 -1.0000000000000000199e+30 0 0 0 0 0 0 0 0 0 0 0 0 0 0 0 0 0 0 0 0 0 0 0 0 0 0 0 0 0 0 0 
1491.7074171939502776 1480.799970010242987 0.0036427382123241053118 0.0057987624725763537575 0.72356028150132434273 0.94106938052604094391 0.80958816228333851939 0.12255843798499373165 3.3427625440181074623 0.3770461251746987652 0.99888571999562536519 0.89136350053648927272 0.71783168843992262165 0.00082557580146609156873 0.0022759168067288653575 0.0022716532535678192993 -0.012883319839978871896 0.43735560026253111898 0.18826911882991423375 0.57989470165416012737 0.022487244693083274782 0.00011468473057349029629 4.3355771147216426442 0.99728030216829866017 -0.025942553657851995241 -1.714433046086826451 -1.2514131231642826592 -0.94587082940069189263 -0.0051591291698398558663 -0.082848768220964555398 -0.00059965184088591914555 0.62591272293149058381 0.5 
-1.0000000000000000199e+30 -1.0000000000000000199e+30 0 0 0 0 0 0 0 0 0 0 0 0 0 0 0 0 0 0 0 0 0 0 0 0 0 0 0 0 0 0 0 
-2277876.9134202701971 -2277871.1962657794356 0.0014809043029220209185 0.0080851254141705956868 0.97890459864413514879 0.93630111934603543755 0.86573765799068236326 0.16725738523686664583 3.6292753526191110502 0.99782286520547935904 0.84878055155283294031 0.85155932399806577582 0.78759549394809680312 0.0013875760961232965623 0.0016710264709504515316 0.0049338216348668592973 0.38474043538938251796 0.82743425876833498478 0.13642530306242406368 0.68642791011370718479 0.0017621085164137185054 0.008707574000582099516 1.353714963304810226 0.99728030216829866017 -0.025942553657851995241 -1.714433046086826451 -1.2514131231642826592 -0.94587082940069189263 0.20330079375823789656 -0.73818312602710522974 -1.6713672026951578164 0.62591272293149058381 0.5 
-1.0000000000000000199e+30 -1.0000000000000000199e+30 0 0 0 0 0 0 0 0 0 0 0 0 0 0 0 0 0 0 0 0 0 0 0 0 0 0 0 0 0 0 0 
1415.0096874057162495 1406.955462873567285 0.0095050919871416950091 0.0089648795210472264489 0.90157452323789322168 0.1898638361202184266 0.82595407583582991506 0.1632964051058327648 2.7797252998741259766 0.16385200701530477918 0.99856994763399065107 0.9193815211732296877 0.83864823419743361743 0.0015984037210548763738 0.0024708476058141210646 0.0029669169639155897056 -0.0058556993320561879016 0.5170420665348366418 0.15336027872712926223 0.59755990768455835571 0.01854294304825155823 3.2091301433711692456e-05 3.142698122934540983 0.99728030216829866017 -0.025885074980493815583 -1.714433046086826451 -1.2514131231642826592 -0.94587082940069189263 -0.01816124147166946548 0.00088579324190421492892 -0.005818971496712401284 0.62591245756264313194 0.5 
-1.0000000000000000199e+30 -1.0000000000000000199e+30 0 0 0 0 0 0 0 0 0 0 0 0 0 0 0 0 0 0 0 0 0 0 0 0 0 0 0 0 0 0 0 
1412.2905639138468814 1415.4998160833440579 0.0058785188730059575665 0.0071248227751064428445 0.75079914520341028972 0.044405870714789283382 0.95207426957204788209 0.058531447402052058648 3.9003980695717737071 0.10564706024487797997 0.99683370605273224907 0.89708933782384103761 0.92726415697052999576 0.00044156567376378363455 0.0059601323864824718238 0.0012667610565317722476 -0.21575124824867625284 0.45382741101180840149 0.618267682467802282 0.5494824971755538634 0.09362232405512674327 0.0019930255668229178607 2.5481079907235413273 0.99728030216829866017 -0.025885074980493815583 -1.714433046086826451 -1.2514131231642826592 -0.94587082940069189263 -1.4500092526703867168 0.38610941781963642461 -0.52145247357080148909 0.62591245756264313194 0.5 
-1.0000000000000000199e+30 -1.0000000000000000199e+30 0 0 0 0 0 0 0 0 0 0 0 0 0 0 0 0 0 0 0 0 0 0 0 0 0 0 0 0 0 0 0 
-37063.586490945614059 -37072.989776013455412 0.0079115488079268374288 0.012895964217415071401 0.90478024739228701812 0.70281823001055676592 0.91406087715823869377 0.01144094749745902008 2.4518953890333543555 0.8579195632639279312 0.81114789480551019452 0.73043785527653160017 0.95099922625638733109 0.00029906264872915617288 0.0059239788661769729114 0.0010822275376798447168 -0.50360413781285318091 0.14264485589228570461 0.46712626959197223186 0.81980413757264614105 0.0032904853601939975695 0.0031644623004831373345 1.7077808968024328351 0.99728030216829866017 -0.025885074980493815583 -1.714433046086826451 -1.2514131231642826592 -0.94587082940069189263 -0.15637912893492894595 0.18148694003811574604 -0.46873834903563421639 0.62591245756264313194 0.5 
-1.0000000000000000199e+30 -1.0000000000000000199e+30 0 0 0 0 0 0 0 0 0 0 0 0 0 0 0 0 0 0 0 0 0 0 0 0 0 0 0 0 0 0 0 
1378.0452455075494527 1369.6093285698177624 0.0051088603681700922934 0.0087775207817587068415 0.88983518899541480529 0.1033871503029738792 0.8504956572130482062 0.10110801948120140548 2.6586133703291698893 0.19539990306088325656 0.99918540688843215936 0.87799760623180544972 0.85446017948042407575 0.00052998336860574243 0.0042362964472846230402 0.001199007329497865388 1.5634291251410508128 0.96822457934430072868 0.15105301056812761584 0.50629173189622267426 0.10714697182009191856 0.00011923265706152087382 3.4025088304814001816 0.99728030216829866017 -0.025885074980493815583 -1.714433046086826451 -1.2514131231642826592 -0.94587082940069189263 2.0784907145045989907 0.054335343181139472701 1.2392012786027011284 0.62591245756264313194 0.5 
-1.0000000000000000199e+30 -1.0000000000000000199e+30 0 0 0 0 0 0 0 0 0 0 0 0 0 0 0 0 0 0 0 0 0 0 0 0 0 0 0 0 0 0 0 
1302.8923597324180719 1299.7639283942069142 0.0046066374383664657546 0.0068862741449201370428 0.073292186773471865169 0.89705233483105117909 0.99104897827110582931 0.0010569871101267860631 3.4186906769157334729 0.26721739157515056462 0.80188259640964765218 0.58833223942675338947 0.73480845898552205053 0.0003023712884190306923 0.0061778050499119042255 0.0020247910886112023207 0.85782607782610953429 0.61892971278790120948 0.99765010353234351292 0.67426079247226544666 0.00010834187795544168958 0.0055460821639456191548 1.6255998431358116285 0.99728030216829866017 -0.025885074980493815583 -1.714433046086826451 -1.2514131231642826592 -0.94587082940069189263 0.13410560803886617531 0.7574399511855460787 0.066790658779739400797 0.62591245756264313194 0.5 
-1.0000000000000000199e+30 -1.0000000000000000199e+30 0 0 0 0 0 0 0 0 0 0 0 0 0 0 0 0 0 0 0 0 0 0 0 0 0 0 0 0 0 0 0 
1390.8921897590580556 1401.3933693492353996 0.0048280527630827222221 0.0080765056291172143688 0.96648267693405542911 0.23707265547114886317 0.89891943740694846277 0.086021283813172394472 2.7668836541007770791 0.19045509523158385412 0.99908844213819780755 0.95731477371158446577 0.83825840290527131593 0.00047819830590314324785 0.0018921309338610775574 0.0012545284566515199631 -0.015762475455266301838 0.6320216509375390368 0.99035365329628599618 0.90232077637729901642 1.1560107408759583425 0.13563020157330546445 2.0589522521639338493 0.99728030216829866017 -0.025885074980493815583 -1.714433046086826451 -1.2514131231642826592 -0.94587082940069189263 0.0040290827182601594847 -0.47609767026242116872 -0.0021903129958679621279 0.62591245756264313194 0.5 
-1.0000000000000000199e+30 -1.0000000000000000199e+30 0 0 0 0 0 0 0 0 0 0 0 0 0 0 0 0 0 0 0 0 0 0 0 0 0 0 0 0 0 0 0 
1395.8054712217019642 1386.1735726434944809 0.0052330966002667256634 0.0093418959800145810052 0.88428892803969538772 0.36182583826972375407 0.90537653998994960247 0.092004276034226020742 2.6259748436655931947 0.19076627820993988238 0.99716884366479774382 0.89909758738880540818 0.82327194177579643419 0.00054786681826133882926 0.0023128204408093735317 0.0012712598266367074965 0.41297041632445113946 2.9269941396783155374e-09 0.24868865771275433518 0.49126470715819847701 1.7538513739623309284 0.00050269184472648980894 5.155800766547085523 0.99728030216829866017 -0.025885058677119342219 -1.714433046086826451 -1.2514131231642826592 -0.94587082940069189263 1.1995729712592142491 0.097121039518110977018 0.37825318004190389143 0.62591239642730722714 0.5 
-1.0000000000000000199e+30 -1.0000000000000000199e+30 0 0 0 0 0 0 0 0 0 0 0 0 0 0 0 0 0 0 0 0 0 0 0 0 0 0 0 0 0 0 0 
1353.171747246944733 1345.7905396159385418 0.0057415187231604136384 0.009994003575269756745 0.42123876384507835668 0.63699600751542662103 0.83908914673200885037 0.031893464702326373983 3.3043774408658812547 0.134619537059785771 0.91370705700656629222 0.70113733196634764333 0.17157474590278784521 0.00053979710484666841141 0.0047291966189353922684 0.0059633048953444773785 -0.1848520667198460532 0.72991109893234751294 0.89823493020281031107 0.62216323904256876087 0.0089801603723862824524 0.022100284013045597142 4.747654329705641274 0.99728030216829866017 -0.022084491124918403243 -1.714433046086826451 -1.2514131231642826592 -0.94587082940069189263 0.10547745820347513568 -0.6051802342950309832 0.056984126086693363822 0.61566364188788769152 0.5 
-1.0000000000000000199e+30 -1.0000000000000000199e+30 0 0 0 0 0 0 0 0 0 0 0 0 0 0 0 0 0 0 0 0 0 0 0 0 0 0 0 0 0 0 0 
-1.0000000000000000199e+30 -1.0000000000000000199e+30 0 0 0 0 0 0 0 0 0 0 0 0 0 0 0 0 0 0 0 0 0 0 0 0 0 0 0 0 0 0 0 
-1.0000000000000000199e+30 -1.0000000000000000199e+30 0 0 0 0 0 0 0 0 0 0 0 0 0 0 0 0 0 0 0 0 0 0 0 0 0 0 0 0 0 0 0 
1443.9299745242851714 1450.4776849091226723 0.0055725094754217026696 0.011189206752540111975 0.46086085171200091848 0.013658152888830911442 0.9748506244995395198 0.0037847198050737929781 2.0913176625123002239 0.9901643870175754758 0.76268847775640091768 0.20394884893830403372 0.92256727203121458025 0.00035469834956554537183 0.15646646768672650696 0.0012626875792486678789 0.18537267415553987382 8.8849038665046085422e-07 0.28426551681206169153 0.44878331820642541894 0.21637047174338180922 0.70525061548875134232 5.1993236517992125201 0.99728030216829866017 -0.022084491124918403243 -1.714433046086826451 -1.2514131231642826592 -0.94587082940069189263 0.035173509739619766845 0.16980766808059435946 -0.03147633504807143684 0.61566364188788769152 0.5 
-1.0000000000000000199e+30 -1.0000000000000000199e+30 0 0 0 0 0 0 0 0 0 0 0 0 0 0 0 0 0 0 0 0 0 0 0 0 0 0 0 0 0 0 0 
1456.742715716485236 1449.5186222372667544 0.0019324098294679567262 0.0063054786107855581925 0.61686651995242525182 0.0044229836942488113399 0.29782396385704229536 0.0016563169090901580949 2.5608015084289630359 0.37976648040515276206 0.00044716114667664696699 0.58433112596473457678 0.98008284382160038017 0.00099557463683663674839 0.52100254125612865952 0.0011812994926681892518 1.6779840742500988782 0.72042772512526109807 0.58272773271477196211 0.32089157845693788706 0.0026114084898576908275 0.000228667850781010825 2.3390716276835146203 0.99728030216829866017 -0.041200098964364897935 -1.714433046086826451 -1.2514131231642826592 -0.94587082940069189263 0.70802654588234137378 0.71712290858352056855 1.087952813890307624 0.63711677236606811814 0.5 
-1.0000000000000000199e+30 -1.0000000000000000199e+30 0 0 0 0 0 0 0 0 0 0 0 0 0 0 0 0 0 0 0 0 0 0 0 0 0 0 0 0 0 0 0 
-1.0000000000000000199e+30 -1.0000000000000000199e+30 0 0 0 0 0 0 0 0 0 0 0 0 0 0 0 0 0 0 0 0 0 0 0 0 0 0 0 0 0 0 0 
-1.0000000000000000199e+30 -1.0000000000000000199e+30 0 0 0 0 0 0 0 0 0 0 0 0 0 0 0 0 0 0 0 0 0 0 0 0 0 0 0 0 0 0 0 
857.56806544709445461 849.63980790144466937 0.0056618971088139473727 0.011197126702935034787 0.5431238416651045231 0.10897069475110349179 0.9250718860191281534 0.0017919216036644651253 2.1460707273746346679 0.67740260315408817871 0.70001977009072946512 0.70252944765826519369 0.93106142103554812017 0.00041561672693851144751 0.012171236690611819675 0.0011212388009515705713 -0.18633535585197877338 0.34673115424811840057 0.83478778530843555927 0.50585235795006155968 0.006437031046953051866 0.0022897664736956356048 2.1327184475958347321 0.99728030216829866017 -0.041200098964364897935 -1.714433046086826451 -1.2514131231642826592 -0.94587082940069189263 -0.55615438699969810266 1.0389952147345704603 -1.4652041544596756673 0.63711677236606811814 0.5 
-1.0000000000000000199e+30 -1.0000000000000000199e+30 0 0 0 0 0 0 0 0 0 0 0 0 0 0 0 0 0 0 0 0 0 0 0 0 0 0 0 0 0 0 0 
-1.0000000000000000199e+30 -1.0000000000000000199e+30 0 0 0 0 0 0 0 0 0 0 0 0 0 0 0 0 0 0 0 0 0 0 0 0 0 0 0 0 0 0 0 
-1.0000000000000000199e+30 -1.0000000000000000199e+30 0 0 0 0 0 0 0 0 0 0 0 0 0 0 0 0 0 0 0 0 0 0 0 0 0 0 0 0 0 0 0 
1412.9170067861982716 1404.3867154145741551 0.0044096485373412465381 0.0065723110867215942671 0.65101723902343378025 0.11843230904827342642 0.92274762506169971665 0.031406131435136111496 3.2496305778279319654 0.13516707489072740667 0.9669556954090383627 0.85012500596284790166 0.86677851691868434969 0.00031701769108568580643 0.006348743086849632962 0.0013627451431934918449 -0.29791889975462249041 0.65241651213410678523 0.10308191333012491075 0.39398324233732290311 0.059815215031841208193 0.00015487910044644610189 1.7769932120015290433 0.99728030216829866017 -0.055231803989488195694 -1.714433046086826451 -1.2514131231642826592 -0.94587082940069189263 -0.88782490973289196479 0.85480121358749405758 1.0760252401013632451 0.78469222846495556567 0.5 
-1.0000000000000000199e+30 -1.0000000000000000199e+30 0 0 0 0 0 0 0 0 0 0 0 0 0 0 0 0 0 0 0 0 0 0 0 0 0 0 0 0 0 0 0 
1487.5066073148423129 1475.6939965977621796 0.0059199112854442055218 0.010114529371700835617 0.64616705075428937377 0.12073806497055440679 0.77263850708446324411 0.00073649247978930935162 1.9549170710018464181 0.24345395361718347171 0.53459410540168306181 0.94864659200525403016 0.87389909454250203069 0.00054960453893260002248 0.0037127235059032015138 0.001129118928599478263 0.011912226950864876138 0.63223875689866604333 0.97043986759551326138 0.60719775342279524999 0.00067010484336612935376 0.00015490269856137435663 3.5671178159269811836 0.99728030216829866017 -0.040247711959209606092 -1.714433046086826451 -1.2514131231642826592 -0.94587082940069189263 1.8094940145003381993 -1.9915743721745144956 0.14865532734452649444 0.79565089114939113735 0.5 
-1.0000000000000000199e+30 -1.0000000000000000199e+30 0 0 0 0 0 0 0 0 0 0 0 0 0 0 0 0 0 0 0 0 0 0 0 0 0 0 0 0 0 0 0 
764.81990628472192384 766.36441087549508211 0.011437919147769292846 0.0078165020866979226244 0.8540682394382864695 0.1160973744417752862 0.24116127616730251293 0.82021130985672896507 1.6441183864681958582 0.42453933456833525817 0.91449517968266336165 0.9144081198208201533 0.74966292481254293012 0.13440788268058403987 0.0062278659221097053961 0.088474796437308697583 0.27977403342719969759 0.92496853295441294751 4.8914424860696740084e-10 0.57834027955700439971 0.0057328840451090412253 0.0032163229924054314614 4.710462778492879643 0.99728030216829866017 -0.040241770790688143056 -1.714433046086826451 -1.2514131231642826592 -0.94587082940069189263 -0.59044918193041684429 0.050861391888159995789 -0.067423358742633957008 0.7956426620291293661 0.5 
-1.0000000000000000199e+30 -1.0000000000000000199e+30 0 0 0 0 0 0 0 0 0 0 0 0 0 0 0 0 0 0 0 0 0 0 0 0 0 0 0 0 0 0 0 
1487.385033327363999 1479.2349130675054312 0.0058242246817392269442 0.011365331316155776256 0.55956084278059126103 0.25792424810407282854 0.71717447698409919621 0.00087170441779975133944 1.9744009392060151153 0.18086877198239045827 0.52496365199937999879 0.85543135024521710363 0.84856626193469997244 0.00053803690713588494653 0.0037712120730125455771 0.0011254152258919020244 -0.57027322139419878155 0.73620161342933843063 0.99923179683145202379 0.65452338334240645068 0.0004353795451689168529 0.00016167818917020234954 1.7733408649840896043 0.99728030216829866017 -0.035308871064099141279 -1.714433046086826451 -1.2514131231642826592 -0.94587082940069189263 -0.78252447994771656692 0.10344182021307468666 0.079924799443230359897 0.96621559800954215369 0.5 
-1.0000000000000000199e+30 -1.0000000000000000199e+30 0 0 0 0 0 0 0 0 0 0 0 0 0 0 0 0 0 0 0 0 0 0 0 0 0 0 0 0 0 0 0 
1383.0688013424860401 1374.9658987416021318 0.0052331612714901880323 0.0092816630748909240839 0.56212061184816808357 0.05350374916635081135 0.79067726173903329911 0.013580746468054821774 1.9835310951131046586 0.25423902942464160493 0.6337177845467951709 0.64031205175577510236 0.88422090413032394807 0.00055172608965010363439 0.021895301057109208681 0.0011208969493126149774 3.0525323100525310061 0.39383032679012491828 0.40954361144165896125 0.65720112810558595218 1.0511167645092749368 0.00079841683851243269981 3.5583179557567774509 0.99728030216829866017 -0.0056760469233620419044 -1.714433046086826451 -1.2514131231642826592 -0.94587082940069189263 0.82008012408063502008 1.4623485653996710631 -0.0041984439556446151443 0.85313011018914319816 0.5 
-1.0000000000000000199e+30 -1.0000000000000000199e+30 0 0 0 0 0 0 0 0 0 0 0 0 0 0 0 0 0 0 0 0 0 0 0 0 0 0 0 0 0 0 0 
1446.1114486190258503 1447.8023570691398163 0.004470226971289603321 0.007867572332785113462 0.8369756774341090555 0.38011180731370963759 0.8082004986559339077 0.1532930629335207684 2.3195837928119003024 0.058863186994654752293 0.99879688864722260266 0.95097951233541289096 0.80157905216764313572 0.0010745915508717800071 0.0012894561948085534256 0.0013089864177655249119 0.19941537596714051239 0.98562349535583670956 0.99698428282760487296 0.35616493868603837925 0.00018877502149433622591 0.0063809414683731555812 3.589525646418426863 0.99728030216829866017 0.0078804124124186632899 -1.714433046086826451 -1.2514131231642826592 -0.94587082940069189263 -1.7080253550673627494 -1.6768352032105358074 -0.72776245351680857176 0.9533761655411160385 0.5 
-1.0000000000000000199e+30 -1.0000000000000000199e+30 0 0 0 0 0 0 0 0 0 0 0 0 0 0 0 0 0 0 0 0 0 0 0 0 0 0 0 0 0 0 0 
-142734797.46540093422 -142734798.34194543958 0.0048921519113222771552 0.0073832981508847777066 0.85908342735968479253 0.25348122124619576478 0.82884704027801203718 0.12276288668397078441 3.3273512964920981538 0.22468323717415780716 0.99416064999271258618 0.91496851763485842479 0.83985380093063044527 0.00074185792661815824333 0.0023482050125089347706 0.0013510811846236601801 -3.0993993656408642678 0.31253253063187003136 0.088954410748556256294 0.53768518008291721344 0.00076419658958911892716 0.003900413939263671758 1.9402156185824424028 0.99728030216829866017 0.0078804124124186632899 -1.714433046086826451 -1.2514131231642826592 -0.94587082940069189263 0.43687134560491586166 -1.8866934518880695837 0.41752092339482366201 0.9533761655411160385 0.5 
-1.0000000000000000199e+30 -1.0000000000000000199e+30 0 0 0 0 0 0 0 0 0 0 0 0 0 0 0 0 0 0 0 0 0 0 0 0 0 0 0 0 0 0 0 
1479.2621080441901995 1471.7346803392276797 0.0045680005805854278361 0.0079294187292545184609 0.94886271307679859177 0.11559594367179572283 0.54037373856231707414 0.3928284926107713515 2.2085416628350582613 0.10113887732261113428 0.99896721758236928235 0.88897161527332013709 0.81320706882294513385 0.0025532263652357093178 0.0029881075325646892261 0.0012334232726206807891 -0.24089063130796203871 0.65438923119818537266 0.43896430484078019507 0.58049888761985679597 0.00018870577375023719793 0.43843767908615555173 4.3516946613592306647 0.99728030216829866017 -0.062412695521538628929 -1.714433046086826451 -1.2514131231642826592 -0.94587082940069189263 0.82488288005806020831 0.033238818707953761422 -0.0095232215826680580162 0.66236148779867509706 0.5 
-1.0000000000000000199e+30 -1.0000000000000000199e+30 0 0 0 0 0 0 0 0 0 0 0 0 0 0 0 0 0 0 0 0 0 0 0 0 0 0 0 0 0 0 0 
-4492.2148755165671901 -4509.226505874709801 0.0057369457819490552244 0.0098164073084503252614 0.92332554119686449656 0.26874456694056320094 0.6009292755019924881 0.27205528535399003953 3.3003250060514868203 0.1464492926232537906 0.99225675419010739287 0.9093095025833008993 0.8673200279921614575 0.0015995497204490320524 0.0021773623580860798458 0.0013314329748308584116 -0.041471226503183807044 0.12697342299147940103 0.059155563544912373453 0.62729586171001694428 0.00094374436448470451228 0.00019062123245070612069 4.0626515424607019256 0.99728030216829866017 -0.062412695521538628929 -1.714433046086826451 -1.2514131231642826592 -0.94587082940069189263 -0.80559275934422203136 0.3901855031144060848 0.11893538026835584476 0.66236148779867509706 0.5 
-1.0000000000000000199e+30 -1.0000000000000000199e+30 0 0 0 0 0 0 0 0 0 0 0 0 0 0 0 0 0 0 0 0 0 0 0 0 0 0 0 0 0 0 0 
-1464.5317992230236541 -1466.9860922173584186 0.0051447966775249060617 0.0094780856935477025837 0.91796421385335313925 0.07422109536987972489 0.84071409288122644909 0.097816968054805650268 2.3230586566135569271 0.19226855057899616686 0.9993948489777898514 0.90373860927065863269 0.82726363119024670656 0.00049320254666329155051 0.0036379954905037007948 0.0012047271672616952174 0.55267566912569210391 0.38809821289032697678 0.98119899327866733074 0.87043286603875458241 0.0010158659867011011601 0.0089610381494276223485 1.4713320075534284115 0.99728030216829866017 -0.062412695521538628929 -1.714433046086826451 -1.2514131231642826592 -0.94587082940069189263 -0.20059531789910217681 0.34401624158283700128 -0.89953220505284980923 0.66236148779867509706 0.5 
-1.0000000000000000199e+30 -1.0000000000000000199e+30 0 0 0 0 0 0 0 0 0 0 0 0 0 0 0 0 0 0 0 0 0 0 0 0 0 0 0 0 0 0 0 
1438.7013484286312632 1421.934719944837525 0.0047529572022528597877 0.0089328105453649730289 0.51853358606774324624 0.70492722482060765632 0.81434618522173785049 0.016139208510369928984 2.440323195754036778 0.39552032447072565935 0.79806879471919622837 0.684907887490323386 0.82412102250528274094 0.00041549673656129606667 0.0051575805279072840098 0.0012287140637290575127 0.00136619411161351882 0.94998848682064174209 0.17389029098169553333 0.65756897204173792026 3.9216079365927070859e-05 0.026109387115546715818 3.472099799679303711 0.99728030216829866017 -0.062412695521538628929 -1.714433046086826451 -1.2514131231642826592 -0.94587082940069189263 0.39977480830370371034 1.9695827114741693009 0.71515335949330760545 0.66236148779867509706 0.5 
-1.0000000000000000199e+30 -1.0000000000000000199e+30 0 0 0 0 0 0 0 0 0 0 0 0 0 0 0 0 0 0 0 0 0 0 0 0 0 0 0 0 0 0 0 
-1.0000000000000000199e+30 -1.0000000000000000199e+30 0 0 0 0 0 0 0 0 0 0 0 0 0 0 0 0 0 0 0 0 0 0 0 0 0 0 0 0 0 0 0 
-1.0000000000000000199e+30 -1.0000000000000000199e+30 0 0 0 0 0 0 0 0 0 0 0 0 0 0 0 0 0 0 0 0 0 0 0 0 0 0 0 0 0 0 0 
-1.0000000000000000199e+30 -1.0000000000000000199e+30 0 0 0 0 0 0 0 0 0 0 0 0 0 0 0 0 0 0 0 0 0 0 0 0 0 0 0 0 0 0 0 
-1.0000000000000000199e+30 -1.0000000000000000199e+30 0 0 0 0 0 0 0 0 0 0 0 0 0 0 0 0 0 0 0 0 0 0 0 0 0 0 0 0 0 0 0 
-596529.59811375872232 -596547.30575748090632 0.0043828617071267218092 0.0058108610081641625528 0.72061029612086713314 0.68578446540050208569 0.26683836663141846657 0.27747169719077646732 2.7501393772661684167 0.68024532590061426163 0.84482196327298875183 0.84556910772807891696 0.049968437990173697472 0.0015541994920931757017 0.00057371017523109911571 0.00055852478370070461362 2.2626605315600873958 0.10686254175379872322 0.71663703839294612408 0.92445760522969067097 0.0015643591852858662692 0.00089176912792027001817 1.1311163001228123903 0.99728030216829866017 -0.062412695521538628929 -1.714433046086826451 -1.2514131231642826592 -0.94587082940069189263 0.072929671631099216023 0.22069526398596386874 0.33190363772726516611 0.66236148779867509706 0.5 
-1.0000000000000000199e+30 -1.0000000000000000199e+30 0 0 0 0 0 0 0 0 0 0 0 0 0 0 0 0 0 0 0 0 0 0 0 0 0 0 0 0 0 0 0 
1338.0897504433839913 1323.9721767529479166 0.0054265284290956703611 0.010128807209951053159 0.77216482570508582217 0.41705020977544526861 0.95232957109577276444 0.047251517916438147415 2.7128277692635753837 0.28387948249281119706 0.90287192012598882496 0.81209240711702090909 0.85672039520067710949 0.00036748995734649914481 0.0037066623420070553795 0.0011846461452636224479 -0.14194467564265131343 0.52642753437834854946 0.15486233249607919693 0.86916786673736190494 0.0080676757730676149777 0.0056159293859575137517 4.8352077397859503094 0.99728030216829866017 -0.062412695521538628929 -1.714433046086826451 -1.2514131231642826592 -0.94587082940069189263 0.35157348529643189794 0.13422820752428446522 -0.084194134139714493781 0.66236148779867509706 0.5 
-1.0000000000000000199e+30 -1.0000000000000000199e+30 0 0 0 0 0 0 0 0 0 0 0 0 0 0 0 0 0 0 0 0 0 0 0 0 0 0 0 0 0 0 0 
1404.3875942090560329 1399.3646642634798809 0.0051094027333423355092 0.0075568785436019797822 0.62115543296741704271 0.047933563415112158401 0.25949845080748551451 0.024800655846963351459 3.4422180558916615212 0.43470025477175466833 0.72789304472211568964 0.61148090713050162748 0.95522016614607707652 0.0011382573126291982944 0.035557097165656616211 0.0011823642856902266685 1.6923944013242120388 0.8609821865874318636 0.66280580349225148851 0.61060343434412800434 0.01484973177338759498 0.00016719366304946333963 1.5693551058221364425 0.99728030216829866017 -0.061962798140847125117 -1.714433046086826451 -1.2514131231642826592 -0.94587082940069189263 -0.75515934534169248948 -0.088061484931492337025 -0.56762931118352555337 0.66761204265623330656 0.5 
-1.0000000000000000199e+30 -1.0000000000000000199e+30 0 0 0 0 0 0 0 0 0 0 0 0 0 0 0 0 0 0 0 0 0 0 0 0 0 0 0 0 0 0 0 
564.22328997197280387 586.42135270401524849 0.0044969980807817982321 0.0079972376372738334521 0.85254811457673118635 0.052774701557241177063 0.0022094529946329482563 0.99795922493325184277 2.3685314115672109203 0.21869313768316370195 0.99652814121661414948 0.79011056604757634592 0.82753924972028836127 208.72942550908894077 0.011316818794434396062 0.0011362197836788964604 -0.17663397867701302602 0.96743898077081791342 0.14556966921144151583 0.59168272182819503513 0.0033034717143977931908 0.42402679980737090215 4.6450894481424889193 0.99728030216829866017 0.011440548776401290518 -1.714433046086826451 -1.2514131231642826592 -0.94587082940069189263 -0.028369163613037848976 0.0062873548462911267934 0.0065354856379450541534 0.46908478972153716535 0.5 
-1.0000000000000000199e+30 -1.0000000000000000199e+30 0 0 0 0 0 0 0 0 0 0 0 0 0 0 0 0 0 0 0 0 0 0 0 0 0 0 0 0 0 0 0 
-1.0000000000000000199e+30 -1.0000000000000000199e+30 0 0 0 0 0 0 0 0 0 0 0 0 0 0 0 0 0 0 0 0 0 0 0 0 0 0 0 0 0 0 0 
-1.0000000000000000199e+30 -1.0000000000000000199e+30 0 0 0 0 0 0 0 0 0 0 0 0 0 0 0 0 0 0 0 0 0 0 0 0 0 0 0 0 0 0 0 
1481.1064653222795187 1475.5812327745952643 0.0043091374292027959103 0.0041121131063989587937 0.83164483442025860516 0.14654868835100354207 0.90802051348963808142 0.087924406024978946084 3.8987045093611576441 0.1915032154838202938 0.99623186403369579089 0.91712684837055225007 0.9098046116504779901 0.00057196318002403179984 0.003300795819908006537 0.0013076968165674858393 -0.041903509120312931735 0.78254487765017044509 0.42276344131173743124 0.68916464062155369241 0.0013084699981156728329 0.0057667965682678774472 2.7966648926094843652 0.99728030216829866017 0.015613788364216762625 -1.714433046086826451 -1.2514131231642826592 -0.94587082940069189263 0.24981069124109950286 0.49625828625001372485 -0.13792249469396802852 0.52396824622060922394 0.5 
-1.0000000000000000199e+30 -1.0000000000000000199e+30 0 0 0 0 0 0 0 0 0 0 0 0 0 0 0 0 0 0 0 0 0 0 0 0 0 0 0 0 0 0 0 
-6815.6888056143543508 -6806.7772313319983368 0.0060169069057160505867 0.0082623558459286802758 0.15572561666698100935 0.095665975947220815989 0.98844704291251950234 0.96706694780142876677 3.0922673125230737412 0.78742374680346560734 0.82186825208814018318 0.87271397952505669338 0.9633851447661242462 1.1904717084963185592 0.026057020432213622713 0.0013411525348969626295 -0.12458846374005091984 0.36288874223828315735 0.57797111035324633121 0.44552025245502591133 0.0030383351747877897914 0.0057649886352010067808 1.9773431367939338088 0.99728030216829866017 0.015613788364216762625 -1.714433046086826451 -1.2514131231642826592 -0.94587082940069189263 -2.448768791940488132 0.62271040963416812719 0.2668840654742878904 0.52396824622060922394 0.5 
-1.0000000000000000199e+30 -1.0000000000000000199e+30 0 0 0 0 0 0 0 0 0 0 0 0 0 0 0 0 0 0 0 0 0 0 0 0 0 0 0 0 0 0 0 
1370.4866852700356503 1378.4280215654760013 0.0064332405371027535576 0.011273234830047640029 0.39067757222684335039 0.48939816700941690675 0.9987614789340427679 0.0022933492572579602421 1.487430175923287301 0.15093398134170238345 0.6621596595162477783 0.54684984781586487568 0.8069128082282320813 0.00050785113410015798006 0.0055053916905944567245 0.0012030661578666126087 -0.47496357887801798903 0.15388543649354768927 0.68875181035063404167 0.76980394524563067193 0.34566349334968959894 0.2319160535339548912 2.497920586679812871 0.99728030216829866017 0.015613788364216762625 -1.714433046086826451 -1.2514131231642826592 -0.94587082940069189263 -1.8083914657942976589 -0.83412118510252131198 -0.19550531939946352855 0.52396824622060922394 0.5 
-1.0000000000000000199e+30 -1.0000000000000000199e+30 0 0 0 0 0 0 0 0 0 0 0 0 0 0 0 0 0 0 0 0 0 0 0 0 0 0 0 0 0 0 0 
-1.0000000000000000199e+30 -1.0000000000000000199e+30 0 0 0 0 0 0 0 0 0 0 0 0 0 0 0 0 0 0 0 0 0 0 0 0 0 0 0 0 0 0 0 
-1.0000000000000000199e+30 -1.0000000000000000199e+30 0 0 0 0 0 0 0 0 0 0 0 0 0 0 0 0 0 0 0 0 0 0 0 0 0 0 0 0 0 0 0 
-1.0000000000000000199e+30 -1.0000000000000000199e+30 0 0 0 0 0 0 0 0 0 0 0 0 0 0 0 0 0 0 0 0 0 0 0 0 0 0 0 0 0 0 0 
-1.0000000000000000199e+30 -1.0000000000000000199e+30 0 0 0 0 0 0 0 0 0 0 0 0 0 0 0 0 0 0 0 0 0 0 0 0 0 0 0 0 0 0 0 
1483.128791545386548 1477.8283739703636002 0.004801496677589019331 0.0083171093956373037814 0.87792704788947839578 0.047720647571343782767 0.67581491872780330432 0.19619628660401428055 2.1205086682970617495 0.093999908320906308545 0.99961116005218597635 0.90004162039172486143 0.86580170929276945024 0.0012639214278863627246 0.0039160058387637895067 0.0011556677930523691963 0.2609231898844622255 0.27541143116517463607 0.38173838887032152112 0.54453894057321927669 0.00010743656745679852963 1.740474670841144933 4.8370852371037749151 0.99728030216829866017 -0.0027773642543185072737 -1.714433046086826451 -1.2514131231642826592 -0.94587082940069189263 0.0017551172190710016222 -0.0026016801695461465316 -0.0023263600111128415228 0.62630163094950885849 0.5 
-1.0000000000000000199e+30 -1.0000000000000000199e+30 0 0 0 0 0 0 0 0 0 0 0 0 0 0 0 0 0 0 0 0 0 0 0 0 0 0 0 0 0 0 0 
1563.6149117955785641 1545.6387949724401096 0.0037566739255898940961 0.004499651443827602619 0.7051392831840387343 0.30743790096324491445 0.85042104323118172804 0.027095656469303310704 2.6525884052407251446 0.12153814330253118192 0.94521631937589078998 0.90819077247743862369 0.85847884790977879721 0.00031688036238150920146 0.0024843371697090884526 0.0012813269818504470325 7.1735019675214111746e-05 0.58385040548502475932 0.10197012258916508809 0.61235551027708667871 0.0024980405186927480236 0.00024007871958528999626 6.1127492855342788758 0.99728030216829866017 -0.0015634474164771159591 -1.714433046086826451 -1.2514131231642826592 -0.94587082940069189263 -0.0029143500910661862893 -0.0019026091415156821864 0.00079677904590574357129 0.63633287915033720505 0.5 
-1.0000000000000000199e+30 -1.0000000000000000199e+30 0 0 0 0 0 0 0 0 0 0 0 0 0 0 0 0 0 0 0 0 0 0 0 0 0 0 0 0 0 0 0 
-1.0000000000000000199e+30 -1.0000000000000000199e+30 0 0 0 0 0 0 0 0 0 0 0 0 0 0 0 0 0 0 0 0 0 0 0 0 0 0 0 0 0 0 0 
-1.0000000000000000199e+30 -1.0000000000000000199e+30 0 0 0 0 0 0 0 0 0 0 0 0 0 0 0 0 0 0 0 0 0 0 0 0 0 0 0 0 0 0 0 
1352.5665583984621207 1369.5592396230297254 0.0054427189177600606915 0.0075052397095419828149 0.79641278803489257143 0.051880578831440225807 0.96747258281284342907 0.11803282197346731675 3.2967647213510864468 0.050468834120359400142 0.99919205002037980723 0.94508420668261405861 0.90452731865506241782 0.00087206142221269941119 0.0029368233158312585795 0.0012871544906509033591 0.62505925466102896237 0.00011130233159045808001 0.31449479816691849887 0.63905469230790945545 8.8352944242292945631 0.40749958935916463787 4.5181107546352050619 0.99728030216829866017 0.0093513859132315947653 -1.714433046086826451 -1.2514131231642826592 -0.94587082940069189263 -2.2344751411571239785 -0.34035621314047992403 -0.64284412509414934345 0.59600528500024418932 0.5 
-1.0000000000000000199e+30 -1.0000000000000000199e+30 0 0 0 0 0 0 0 0 0 0 0 0 0 0 0 0 0 0 0 0 0 0 0 0 0 0 0 0 0 0 0 
-1.0000000000000000199e+30 -1.0000000000000000199e+30 0 0 0 0 0 0 0 0 0 0 0 0 0 0 0 0 0 0 0 0 0 0 0 0 0 0 0 0 0 0 0 
-1.0000000000000000199e+30 -1.0000000000000000199e+30 0 0 0 0 0 0 0 0 0 0 0 0 0 0 0 0 0 0 0 0 0 0 0 0 0 0 0 0 0 0 0 
-1.0000000000000000199e+30 -1.0000000000000000199e+30 0 0 0 0 0 0 0 0 0 0 0 0 0 0 0 0 0 0 0 0 0 0 0 0 0 0 0 0 0 0 0 
