-1.0000000000000000199e+30 -1.0000000000000000199e+30 0 0 0 0 0 0 0 0 0 0 0 0 0 0 0 0 0 0 0 0 0 0 0 0 0 0 0 0 0 0 0 
-1.0000000000000000199e+30 -1.0000000000000000199e+30 0 0 0 0 0 0 0 0 0 0 0 0 0 0 0 0 0 0 0 0 0 0 0 0 0 0 0 0 0 0 0 
-1.0000000000000000199e+30 -1.0000000000000000199e+30 0 0 0 0 0 0 0 0 0 0 0 0 0 0 0 0 0 0 0 0 0 0 0 0 0 0 0 0 0 0 0 
-406109.25642218766734 -406118.83134643430822 0.0049944991972906060615 0.0087495397927571626207 0.8135218942002423459 0.26967034338806261662 0.86322368438456742457 0.066090722979363802914 2.7035149115246217555 0.21821537390541656531 0.99660656155329052641 0.89599650357113180821 0.80832329395857072107 0.00041837209702270234356 0.0024927558050700233776 0.0013221455302521733805 1.0897883238778616199 0.75253237877041101456 0.70002917898818850517 0.16778466571122407913 0.0092243809159845112366 0.0078187147318385542133 1.6653136096429079771 0.99728030216829866017 0.00083061017292214607555 -1.714433046086826451 -1.2514131231642826592 -0.94587082940069189263 -0.036408416540832252983 1.6135546540705307805 0.18781994533518023283 0.63651340134263634241 0.5 
-1.0000000000000000199e+30 -1.0000000000000000199e+30 0 0 0 0 0 0 0 0 0 0 0 0 0 0 0 0 0 0 0 0 0 0 0 0 0 0 0 0 0 0 0 
1389.3726409023822725 1383.7849190159013233 0.0051443388711766785751 0.0089736798658919397775 0.88528650842301537249 0.046289599340178906595 0.67210034675785246261 0.15635552717897047148 2.4449802592469680462 0.23722594780096814548 0.99884314430290477294 0.81983355910485045115 0.85084197384205484394 0.0010115088078055478691 0.0084409171489368134411 0.0013355420446228443744 -0.51262558612812048064 0.98399391135279046239 0.025735601726228851671 0.76431336815047945521 0.0092774911984823335565 5.721241052347679208e-05 2.6121363594928279639 0.99728030216829866017 0.000834038253135557274 -1.714433046086826451 -1.2514131231642826592 -0.94587082940069189263 -0.770077437616141669 -0.71991771344286326073 -0.23965994648982880122 0.63651273479843772929 0.5 
-1.0000000000000000199e+30 -1.0000000000000000199e+30 0 0 0 0 0 0 0 0 0 0 0 0 0 0 0 0 0 0 0 0 0 0 0 0 0 0 0 0 0 0 0 
1551.7490278332988964 1537.3953271490470343 0.0058760535638113960133 0.01023161254352830847 0.82221204837058303738 0.12647907331989419188 0.9161349304770779467 0.043164788106785950683 3.032817002418560115 0.15129652625715056535 0.97870824227077679591 0.92063257054741542973 0.87533852681488633074 0.00032242761487406889145 0.0036380557336827198944 0.0012541947871375950466 -0.032098716351868367136 0.0013706705621323461448 0.17797386636186868225 0.61680109215449629989 0.00018589679184908753143 0.016814522839391478348 4.2521498921081857247 0.99728030216829866017 -0.013219057128207365934 -1.714433046086826451 -1.2514131231642826592 -0.94587082940069189263 0.002386972594211142322 0.0043692026929265147597 -0.0014539430860697466746 0.63280714989121089609 0.5 
-1.0000000000000000199e+30 -1.0000000000000000199e+30 0 0 0 0 0 0 0 0 0 0 0 0 0 0 0 0 0 0 0 0 0 0 0 0 0 0 0 0 0 0 0 
1573.5816867975120203 1561.5914718965309476 0.0024599707879583657816 0.0027810765199790961864 0.77032312849635165009 0.45691173468088353005 0.67550385984456284838 0.069325703730292370652 2.371425062058780231 0.13402085960822235355 0.99338585003180446265 0.94853364568244902255 0.82681766647601306897 0.0006028713573474709991 0.0016869944175963800387 0.001266461864737548253 -0.00024059458687647919763 0.96774702341861873478 0.84690711396201090455 0.56099281718916249595 0.00049129474003503312025 0.00026538139176550195556 6.2255478140063749137 0.99728030216829866017 -0.0069518403091669870794 -1.714433046086826451 -1.2514131231642826592 -0.94587082940069189263 -0.0039032207407734818318 -0.0024204709000695636724 -0.0015148295417145940609 0.55747083506899774985 0.5 
-1.0000000000000000199e+30 -1.0000000000000000199e+30 0 0 0 0 0 0 0 0 0 0 0 0 0 0 0 0 0 0 0 0 0 0 0 0 0 0 0 0 0 0 0 
1496.1515799502678874 1489.7839009172969327 0.0054191316935760600743 0.0077859490918493860778 0.69459522327838751909 0.097737449033238943397 0.93510041168775848153 0.044553277619383539754 3.4860836135974100358 0.096650725012152674531 0.99492547476103898596 0.89806289305419040314 0.91027556952990751338 0.00041075925071764956501 0.0043041422046804535262 0.0012290219624122896824 -0.30462326850232929187 0.54808048249635155091 0.99397231305341660068 0.67796499944664567749 0.0012029278094145676083 0.00026007739609436840173 2.6060127327846211998 0.99728030216829866017 0.042741005513209300026 -1.714433046086826451 -1.2514131231642826592 -0.94587082940069189263 0.46823298059426116113 -0.21904232891302555242 0.018904946295294277475 0.9044067272986654471 0.5 
-1.0000000000000000199e+30 -1.0000000000000000199e+30 0 0 0 0 0 0 0 0 0 0 0 0 0 0 0 0 0 0 0 0 0 0 0 0 0 0 0 0 0 0 0 
1346.5381144829682398 1331.4926307486703081 0.0057508128976904411903 0.013091980744853912513 0.64319057961658054889 0.41501849670805768255 0.8889763779773474095 0.0094551944132766248263 2.2030521882362985586 0.71474478709147681865 0.63507449127905601927 0.8246335129643549422 0.90407307637965828029 0.00051213518723594998565 0.0044832198661640051962 0.0015090833296880874163 1.4538281907155015116 0.035340876329414037949 0.6497840314674291351 0.28942470211683729575 0.06929924551683004641 0.00013557137317341371309 3.3956234358912018578 0.99728030216829866017 0.04274103093063279929 -1.714433046086826451 -1.2514131231642826592 -0.94587082940069189263 1.3124196588179743994 -0.61539662132113270854 -0.079764733558634018373 0.90443725227525972876 0.5 
-1.0000000000000000199e+30 -1.0000000000000000199e+30 0 0 0 0 0 0 0 0 0 0 0 0 0 0 0 0 0 0 0 0 0 0 0 0 0 0 0 0 0 0 0 
-1.0000000000000000199e+30 -1.0000000000000000199e+30 0 0 0 0 0 0 0 0 0 0 0 0 0 0 0 0 0 0 0 0 0 0 0 0 0 0 0 0 0 0 0 
-1.0000000000000000199e+30 -1.0000000000000000199e+30 0 0 0 0 0 0 0 0 0 0 0 0 0 0 0 0 0 0 0 0 0 0 0 0 0 0 0 0 0 0 0 
-1.0000000000000000199e+30 -1.0000000000000000199e+30 0 0 0 0 0 0 0 0 0 0 0 0 0 0 0 0 0 0 0 0 0 0 0 0 0 0 0 0 0 0 0 
-1.0000000000000000199e+30 -1.0000000000000000199e+30 0 0 0 0 0 0 0 0 0 0 0 0 0 0 0 0 0 0 0 0 0 0 0 0 0 0 0 0 0 0 0 
1544.3535590372546267 1529.4844140433251596 0.0052310339114505126704 0.0095086528166092691705 0.79504990222345983675 0.16016281376343588505 0.74777301384537253615 0.033071358700580387457 2.4451443726166610659 0.11559832833324051871 0.98805195579888449586 0.95087310424286886068 0.86855042669996362914 0.00032255859113974546821 0.0025473130940022233742 0.0011900677241352749115 -0.24079402855425341423 0.43027516606259907928 0.015413482696583373499 0.68918975278954908159 0.0025960980936465191671 0.0001729392964423363821 4.6874479166908722405 0.99728030216829866017 0.064866273237582663946 -1.714433046086826451 -1.2514131231642826592 -0.94587082940069189263 0.0019925336033451146456 -0.0010781618175667807748 -0.00071745948733909024192 0.98939514337579537173 0.5 
-1.0000000000000000199e+30 -1.0000000000000000199e+30 0 0 0 0 0 0 0 0 0 0 0 0 0 0 0 0 0 0 0 0 0 0 0 0 0 0 0 0 0 0 0 
1539.3842431126561223 1522.643163225795206 0.0039480511838361730115 0.0067462379392243584236 0.81435025787699077959 0.51268771404354218646 0.68860413865026814939 0.021104948766244913116 2.4388103605346089786 0.20135891771964131713 0.9777445584276851509 0.94084904709072181284 0.83205221410593810383 0.00025467603537877137694 0.0019882933878047105714 0.0011739690672069537283 -0.023199841696838287286 0.03756863941405778895 0.91266683386871694239 0.8952842592726313331 0.0018596193889586689479 0.00013518007228907941608 5.3991368603708007612 0.99728030216829866017 0.069633445891541925765 -1.714433046086826451 -1.2514131231642826592 -0.94587082940069189263 0.015326257374479814594 0.014592950742979088341 0.0008557127942572836498 0.89965385614844106676 0.5 
-1.0000000000000000199e+30 -1.0000000000000000199e+30 0 0 0 0 0 0 0 0 0 0 0 0 0 0 0 0 0 0 0 0 0 0 0 0 0 0 0 0 0 0 0 
-16915.122262822638731 -16934.540337739370443 0.004794670746162952614 0.0079193369354833287321 0.87897805914960258633 0.81912677300294500782 0.69170738785266017157 0.28623586819843271911 2.9910821973717380828 0.20653637179736214491 0.97660466174738569389 0.95282109920328061925 0.75449317527057058186 0.0016999413576939497155 0.0013365592453057394476 0.0015569544352297384673 0.002556889695893699993 0.00011418439149235637203 0.060089387839300734129 0.6202276505771600057 0.00072714341567378811514 0.00057317466602855161699 4.3819427992108135328 0.99728030216829866017 0.069633445891541925765 -1.714433046086826451 -1.2514131231642826592 -0.94587082940069189263 -0.0072498722303875476683 -0.0055605070953491800637 -0.0021963778344065219665 0.89965385614844106676 0.5 
-1.0000000000000000199e+30 -1.0000000000000000199e+30 0 0 0 0 0 0 0 0 0 0 0 0 0 0 0 0 0 0 0 0 0 0 0 0 0 0 0 0 0 0 0 
-51527.950504377273319 -51523.061936583624629 0.0039733553852420305796 0.0065201317414175724921 0.99964597052894532681 0.68202757276594638824 0.1902334683109074831 0.9520339516457170248 2.5592858448624609125 0.58137246430851519108 0.89137302963063125283 0.9190246801357716544 0.19299559807404875755 0.0073108701501041649037 0.0041800727741792796655 0.00024085343116894364032 0.32406768450806577864 0.031931026254105876472 0.77122336624529408411 0.58404371253591447211 0.018259257619757583019 0.93530814082365676398 3.445862439157831858 0.99728030216829866017 0.069633445891541925765 -1.714433046086826451 -1.2514131231642826592 -0.94587082940069189263 0.18292926579649115837 -2.4188344680874993564 0.39354145008386393068 0.89965385614844106676 0.5 
-1.0000000000000000199e+30 -1.0000000000000000199e+30 0 0 0 0 0 0 0 0 0 0 0 0 0 0 0 0 0 0 0 0 0 0 0 0 0 0 0 0 0 0 0 
-1.0000000000000000199e+30 -1.0000000000000000199e+30 0 0 0 0 0 0 0 0 0 0 0 0 0 0 0 0 0 0 0 0 0 0 0 0 0 0 0 0 0 0 0 
-1.0000000000000000199e+30 -1.0000000000000000199e+30 0 0 0 0 0 0 0 0 0 0 0 0 0 0 0 0 0 0 0 0 0 0 0 0 0 0 0 0 0 0 0 
1392.3650097103477492 1398.2455802173710708 0.0061211958260746152441 0.009334165870879261237 0.53071024199184779757 0.058186360590500384171 0.99849682571585074431 0.0037420931631435552442 3.8115505174028938562 0.23613413702756366752 0.70646507783332634922 0.71517026379082215826 0.93872854265630423232 0.00047992342200463625201 0.017727014655024159184 0.001154350504462060183 -0.48745227312054367763 0.45407926933203923703 0.049576596146112955621 0.66969389895906894505 0.32895696689505798949 0.0078995897613052812325 1.8203965450459671516 0.99728030216829866017 0.069633445891541925765 -1.714433046086826451 -1.2514131231642826592 -0.94587082940069189263 0.78722448835443215032 1.672578856285999116 0.0071503893733232213453 0.89965385614844106676 0.5 
-1.0000000000000000199e+30 -1.0000000000000000199e+30 0 0 0 0 0 0 0 0 0 0 0 0 0 0 0 0 0 0 0 0 0 0 0 0 0 0 0 0 0 0 0 
1565.2230393919551261 1554.7426264422065287 0.004937999404786900387 0.0081465231568357485137 0.78739752182472488862 0.11865641021095220398 0.96273058295311764176 0.064351208689086378256 2.4758773775387736826 0.10728635789678069024 0.99825082467790504648 0.89114007453314003637 0.86370322004714250586 0.00047140622019887785509 0.0037951205752403522307 0.001169072534694496528 -0.090727009869006530751 0.10266418508248956187 0.86137713629906842439 0.68955965175430478098 0.0001515118475247809399 0.0048939946945994686894 4.2507852736028421958 0.99728030216829866017 0.03545458254118712127 -1.714433046086826451 -1.2514131231642826592 -0.94587082940069189263 0.00099121953681092773818 -0.0017777506027622442305 -0.0040200051576491334371 0.97200039527576576059 0.5 
-1.0000000000000000199e+30 -1.0000000000000000199e+30 0 0 0 0 0 0 0 0 0 0 0 0 0 0 0 0 0 0 0 0 0 0 0 0 0 0 0 0 0 0 0 
207.870916354011257 201.00318054686619007 0.0048643573412558800337 0.0079556491957175207164 0.89579302355430345806 0.38972589575561933373 0.8585648028137051746 0.062977930845338717103 2.4492426499808259699 0.21667769942657574833 0.99073326869684286144 0.91269113332768203595 0.79804350609532226368 0.0003866719008683540881 0.0019979855929857718959 0.0013519511000505022788 -0.549979146080791792 0.4183038326445966959 0.83999882242642343044 0.40000001527369022369 0.0028589240368455648943 0.008736105330754070919 2.2797474664403125644 0.99728030216829866017 0.03545458254118712127 -1.714433046086826451 -1.2514131231642826592 -0.94587082940069189263 -0.57060584161584693152 0.85984188549137308133 -1.7043484506024924041 0.97200039527576576059 0.5 
-1.0000000000000000199e+30 -1.0000000000000000199e+30 0 0 0 0 0 0 0 0 0 0 0 0 0 0 0 0 0 0 0 0 0 0 0 0 0 0 0 0 0 0 0 
817.1370374784590922 824.28613715935716755 0.0041374467053569867134 0.0044011504221456365302 0.94133562834701356437 0.09238816854354252317 0.73325460657817587151 0.97451915073019101943 3.3442691747468638042 0.028513951386652927611 0.99371982540581405008 0.95188105963677449584 0.82399035845278190138 7.0264714045372480555 0.0021559212572915820161 0.0015706491611434004064 -0.31836311010854845271 0.33720454552480294552 0.017467916962734000158 0.60676459251024972286 0.0064973215284949894371 0.00028010226647931599914 3.8998791501054768105 0.99728030216829866017 0.046323767599667116379 -1.714433046086826451 -1.2514131231642826592 -0.94587082940069189263 -1.8028717873166146823 0.030445397712166519244 0.65741727289738016715 0.70815151029441225639 0.5 
-1.0000000000000000199e+30 -1.0000000000000000199e+30 0 0 0 0 0 0 0 0 0 0 0 0 0 0 0 0 0 0 0 0 0 0 0 0 0 0 0 0 0 0 0 
-375118.05831195093924 -375124.96739450399764 0.0049618600579800775652 0.008460211244208530601 0.91274607183800404719 0.94606067496723655896 0.8608834608671858124 0.16116444203234775445 2.9423565264233730865 0.1988525491489815944 0.99613237987082003944 0.94154174950545843625 0.739659986715496931 0.00099023500892846463839 0.0013394956559165250957 0.0015862092961344254581 -0.25062442073057394909 0.51387021853588521481 0.72628626786172389984 0.11693190550431609154 0.0017624266981147230279 0.0012943463469855488387 1.5883403345942497253 0.99728030216829866017 0.046323767599667116379 -1.714433046086826451 -1.2514131231642826592 -0.94587082940069189263 0.20847356737039293706 -1.5506166024133949399 -0.88276398687604484827 0.70815151029441225639 0.5 
-1.0000000000000000199e+30 -1.0000000000000000199e+30 0 0 0 0 0 0 0 0 0 0 0 0 0 0 0 0 0 0 0 0 0 0 0 0 0 0 0 0 0 0 0 
1447.9332084936359024 1452.1709126313392062 0.0057374448887788868229 0.0080979856465881981664 0.93539946039398458311 0.0070762168011401921364 0.86881445158125569783 0.21572411772574442979 3.306339979413736696 0.030951121002374411273 0.99985642218060277742 0.96816320069262240544 0.92691424560158564017 0.0013853871721971749986 0.0046350130345863358589 0.0012547312992244753077 0.089036841886968060011 0.99432629604885880426 0.53290177507680880353 0.74574481633606215514 0.0017199965242441581786 0.0015895151107687896519 3.1805610114478088946 0.99728030216829866017 0.089783427569436483062 -1.714433046086826451 -1.2514131231642826592 -0.94587082940069189263 0.94448834643942669587 -0.12098304977182340603 -0.14227009833795084548 0.92415991448299594779 0.5 
-1.0000000000000000199e+30 -1.0000000000000000199e+30 0 0 0 0 0 0 0 0 0 0 0 0 0 0 0 0 0 0 0 0 0 0 0 0 0 0 0 0 0 0 0 
-1.0000000000000000199e+30 -1.0000000000000000199e+30 0 0 0 0 0 0 0 0 0 0 0 0 0 0 0 0 0 0 0 0 0 0 0 0 0 0 0 0 0 0 0 
-1.0000000000000000199e+30 -1.0000000000000000199e+30 0 0 0 0 0 0 0 0 0 0 0 0 0 0 0 0 0 0 0 0 0 0 0 0 0 0 0 0 0 0 0 
1358.8826197241353384 1357.95002826407881 0.0055054614937902904628 0.0091672003046861499226 0.95239938164113580044 0.33511998095978001722 0.93159422820302340007 0.085888883803617963042 3.7890140738207165327 0.30303146560836191625 0.98462163723538542737 0.90236290189120926808 0.87418016030152356777 0.0004852243621572160286 0.0024923017025341152354 0.0013013247940819770102 0.93588528670387760577 0.062195696368179627378 0.0019459771041724295733 0.37102339574312687143 4.245896898007290865 0.0040725659794982240619 6.0392480980036671312 0.99728030216829866017 0.089783427569436483062 -1.714433046086826451 -1.2514131231642826592 -0.94587082940069189263 1.7690009132084345556 0.34314892810626301811 0.0021628142985724912659 0.92415991448299594779 0.5 
-1.0000000000000000199e+30 -1.0000000000000000199e+30 0 0 0 0 0 0 0 0 0 0 0 0 0 0 0 0 0 0 0 0 0 0 0 0 0 0 0 0 0 0 0 
-1054053.2148850301746 -1054047.8312683033291 0.0062401176138859896711 0.022902849065635139114 0.1390320024027692225 0.20554647775455181513 0.93054352713751109505 0.00064002216695297322116 3.3866581498863941313 0.83205439674859760224 0.67376542195943900371 0.51573990081326881452 0.96623502522354132172 0.00045441979585277838746 0.023061943993562959015 0.0011804821461306172145 -1.609433771445531125 0.18505919398739933968 0.35069965291768312454 0.2099748062901198864 0.0068640506896190346328 0.0071323417290113863554 2.4097327652852982283 0.99728030216829866017 0.089783427569436483062 -1.714433046086826451 -1.2514131231642826592 -0.94587082940069189263 -1.1303619448790822588 0.58422033670101680691 -0.18569179015125264476 0.92415991448299594779 0.5 
-1.0000000000000000199e+30 -1.0000000000000000199e+30 0 0 0 0 0 0 0 0 0 0 0 0 0 0 0 0 0 0 0 0 0 0 0 0 0 0 0 0 0 0 0 
-1.0000000000000000199e+30 -1.0000000000000000199e+30 0 0 0 0 0 0 0 0 0 0 0 0 0 0 0 0 0 0 0 0 0 0 0 0 0 0 0 0 0 0 0 
-1.0000000000000000199e+30 -1.0000000000000000199e+30 0 0 0 0 0 0 0 0 0 0 0 0 0 0 0 0 0 0 0 0 0 0 0 0 0 0 0 0 0 0 0 
1443.820203600038667 1446.2084187976979592 0.0046796865070510432552 0.0069946319580392185555 0.80391405895531797832 0.065785303156664184931 0.84103384289585758626 0.11939718482442271408 2.9188612808820537659 0.081452917970497348832 0.99942420132981790726 0.92560751784948336329 0.85763495925890043114 0.00088155986836553786295 0.0033229296095479313004 0.0011994563053169086941 -1.5652153259367371785 0.97897930489704021451 0.50090828778235529928 0.52763305923805248199 0.00061672695658458167797 0.00017738836938242327919 2.9952799712235949059 0.99728030216829866017 0.096058350948247397949 -1.714433046086826451 -1.2514131231642826592 -0.94587082940069189263 -2.0274756264332083333 0.43089480619833780972 -0.9162171032151276151 0.99909096166574273834 0.5 
-1.0000000000000000199e+30 -1.0000000000000000199e+30 0 0 0 0 0 0 0 0 0 0 0 0 0 0 0 0 0 0 0 0 0 0 0 0 0 0 0 0 0 0 0 
1375.2851861813207961 1382.2472692695996557 0.0039614640551937077215 0.0075158981387301072863 0.91801545876857715278 0.033835169551204476168 0.59357018371429060011 0.15590303127853713527 2.3655906239295236837 0.35352806829006572231 0.99948292898885970903 0.86925120290431068248 0.88633314936399953954 0.00089557759805374199426 0.0089841998088418233842 0.001076268732856582944 -0.049046273752903726817 0.56489452010224150413 0.54239067908995286516 0.71207602093442379232 0.53347273040463705218 0.018268000076911958957 3.9732807952214979075 0.99728030216829866017 0.096437187640468727268 -1.714433046086826451 -1.2514131231642826592 -0.94587082940069189263 -0.81281881786978893434 -1.0620441928138235621 0.033692843837444606814 0.99537587152734519069 0.5 
-1.0000000000000000199e+30 -1.0000000000000000199e+30 0 0 0 0 0 0 0 0 0 0 0 0 0 0 0 0 0 0 0 0 0 0 0 0 0 0 0 0 0 0 0 
1437.4210867158130895 1432.7422384614853854 0.0049575347783343721997 0.0083406386698117382372 0.91593165631613782107 0.43272939338080140814 0.88166993260091153228 0.095090182337040571325 2.8868672176009133601 0.21600394132700564964 0.99281014116561594474 0.93603857579649429876 0.82885576869534882682 0.00060300299652804546444 0.0019056112711635399531 0.0013066979204995328272 -0.17762187699035780764 0.6804264780373673327 1.0350522484388838177e-08 0.52649943496884576977 0.055788375236782559996 0.0058298108990554086198 5.0538090301286953121 0.99728030216829866017 0.096437302248032902297 -1.714433046086826451 -1.2514131231642826592 -0.94587082940069189263 0.35483901117130001168 -0.66188739134666196851 -0.0017257881259534488608 0.99536913020980266609 0.5 
-1.0000000000000000199e+30 -1.0000000000000000199e+30 0 0 0 0 0 0 0 0 0 0 0 0 0 0 0 0 0 0 0 0 0 0 0 0 0 0 0 0 0 0 0 
1533.1940329121155173 1528.0691854246888397 0.0049849819466536524765 0.0070222624425879988375 0.77315242183715138236 0.048028973633740326687 0.90104344295858085356 0.072545824355869786837 2.8283321081280714537 0.11818241795463925448 0.99883144555635006157 0.91609207032728556808 0.87821331499048616021 0.00050223232473148825272 0.0043624561931096660777 0.001297999378552917079 -0.067469321676959473355 0.037912275667410011426 0.11962913532338403932 0.60271012092817355388 0.00029679876375842621349 0.25512754559929506915 8.2886556338138515088 0.99728030216829866017 0.064086448594701347914 -1.714433046086826451 -1.2514131231642826592 -0.94587082940069189263 -0.031389497188578752151 -0.0080317206564721084494 -0.00091635963104593853943 0.88405716851800264511 0.5 
-1.0000000000000000199e+30 -1.0000000000000000199e+30 0 0 0 0 0 0 0 0 0 0 0 0 0 0 0 0 0 0 0 0 0 0 0 0 0 0 0 0 0 0 0 
-1.0000000000000000199e+30 -1.0000000000000000199e+30 0 0 0 0 0 0 0 0 0 0 0 0 0 0 0 0 0 0 0 0 0 0 0 0 0 0 0 0 0 0 0 
-1.0000000000000000199e+30 -1.0000000000000000199e+30 0 0 0 0 0 0 0 0 0 0 0 0 0 0 0 0 0 0 0 0 0 0 0 0 0 0 0 0 0 0 0 
1385.4140693313456723 1386.3724720855179839 0.0045499118530478261865 0.011566107978556210839 0.6249949216643464478 0.25369367579976759286 0.78495788057649318326 0.002314542431497055696 2.612614838228783043 0.60733269292030134245 0.78558272242485471804 0.64267616596750332114 0.91710697114347339287 0.00027380366449550341563 0.0081872576804237259113 0.0011472973927324219175 -0.49774235313704878747 0.08775359112926685301 0.99930190930951035 0.66076240728580337702 0.0084350144081733451767 0.0074963557299056633731 2.1138545993883859353 0.99728030216829866017 0.064086448594701347914 -1.714433046086826451 -1.2514131231642826592 -0.94587082940069189263 3.1947810118991428752 -1.7956747779477555405 0.14675274074305463823 0.88405716851800264511 0.5 
-1.0000000000000000199e+30 -1.0000000000000000199e+30 0 0 0 0 0 0 0 0 0 0 0 0 0 0 0 0 0 0 0 0 0 0 0 0 0 0 0 0 0 0 0 
-1.0000000000000000199e+30 -1.0000000000000000199e+30 0 0 0 0 0 0 0 0 0 0 0 0 0 0 0 0 0 0 0 0 0 0 0 0 0 0 0 0 0 0 0 
-1.0000000000000000199e+30 -1.0000000000000000199e+30 0 0 0 0 0 0 0 0 0 0 0 0 0 0 0 0 0 0 0 0 0 0 0 0 0 0 0 0 0 0 0 
1410.0972966741614982 1409.5272148524506974 0.0053865516226120980017 0.0098326452389426634987 0.88240621635861760108 0.13814426763689216515 0.6027536521627022692 0.21175374063494242782 2.4643388886520507519 0.16561721529445588841 0.99735369922239713869 0.95022201254982807672 0.81495097955019668579 0.0014276730646566593297 0.002529127282556152892 0.0012656967553140456486 0.30975680051354043121 0.47513829475178198658 0.54329851787839866795 0.56039203632283551837 0.4039153506532038862 0.058404939063437300018 5.5616063615939506093 0.99728030216829866017 0.064086468397312038037 -1.714433046086826451 -1.2514131231642826592 -0.94587082940069189263 -0.54392671011090276689 -0.067259717477684957676 -0.15079821740576518363 0.88405665202414418502 0.5 
-1.0000000000000000199e+30 -1.0000000000000000199e+30 0 0 0 0 0 0 0 0 0 0 0 0 0 0 0 0 0 0 0 0 0 0 0 0 0 0 0 0 0 0 0 
-1.0000000000000000199e+30 -1.0000000000000000199e+30 0 0 0 0 0 0 0 0 0 0 0 0 0 0 0 0 0 0 0 0 0 0 0 0 0 0 0 0 0 0 0 
-1.0000000000000000199e+30 -1.0000000000000000199e+30 0 0 0 0 0 0 0 0 0 0 0 0 0 0 0 0 0 0 0 0 0 0 0 0 0 0 0 0 0 0 0 
1409.9525657650713129 1408.3014763726382625 0.0061482311337811177895 0.012186153005329009719 0.79039167994818926299 0.072172305933037431136 0.80070417815721128818 0.082896893846365185543 3.8273532505521981051 0.40601330598125540128 0.99821260178340975866 0.90134191662326168526 0.84559386264154823287 0.00050699507918630832854 0.0053708310914119955504 0.0014621168696792908887 -0.54665492116258129762 0.00028173189573440701999 0.53111207003946470095 0.40077427071489180044 0.00011433950615517309013 1.0588407986251606729 3.5302600025358983338 0.99728030216829866017 0.064086468397312038037 -1.714433046086826451 -1.2514131231642826592 -0.94587082940069189263 -0.066164304938836127068 -0.15092257117423724111 0.0096583877065333813283 0.88405665202414418502 0.5 
-1.0000000000000000199e+30 -1.0000000000000000199e+30 0 0 0 0 0 0 0 0 0 0 0 0 0 0 0 0 0 0 0 0 0 0 0 0 0 0 0 0 0 0 0 
-1.0000000000000000199e+30 -1.0000000000000000199e+30 0 0 0 0 0 0 0 0 0 0 0 0 0 0 0 0 0 0 0 0 0 0 0 0 0 0 0 0 0 0 0 
-1.0000000000000000199e+30 -1.0000000000000000199e+30 0 0 0 0 0 0 0 0 0 0 0 0 0 0 0 0 0 0 0 0 0 0 0 0 0 0 0 0 0 0 0 
-3569.4190761510899392 -3581.061135394942994 0.0051600319646065645821 0.0079983803625984402352 0.8214934752225839798 0.16818808339304505695 0.88654411831932089516 0.095378216761742670715 3.5681839193418447564 0.25292383436613302683 0.99859001591799834152 0.90393523647646578656 0.86229810512678595202 0.00058327287379210748536 0.0030391759601603846562 0.0013180497314580843799 0.00066032781555409251605 0.45720307280290045648 0.34986256948021016155 0.54171908832078852214 0.0006218400491460720006 0.0022451230268681048735 3.2865611606358196006 0.99728030216829866017 0.064086468397312038037 -1.714433046086826451 -1.2514131231642826592 -0.94587082940069189263 0.025058018305639452594 -0.0038714484980549826627 0.00095325661980604121677 0.88405665202414418502 0.5 
-1.0000000000000000199e+30 -1.0000000000000000199e+30 0 0 0 0 0 0 0 0 0 0 0 0 0 0 0 0 0 0 0 0 0 0 0 0 0 0 0 0 0 0 0 
1466.2026546763222541 1456.8343756405713521 0.0040619652522607737483 0.0077105405488742673192 0.74144288072305486459 0.023746144856775546622 0.3652861613456404033 0.19940152990062529059 2.0988723007127916276 0.19344734917624425985 0.99676323476627148867 0.67453335566050764971 0.8818972801396196548 0.0015129509662746402649 0.032533774441718392445 0.0011035197760022250058 -1.2542768425849615266 0.1749871291402317619 0.22956561845114312193 0.7075199056890916216 0.0035082075980822761442 0.00015971040589341349851 2.8309193635355986984 0.99728030216829866017 0.090386134470891610349 -1.714433046086826451 -1.2514131231642826592 -0.94587082940069189263 -0.63550764494589717657 -0.0025860301703206599322 -0.025551245156516227269 0.95757254944932368446 0.5 
-1.0000000000000000199e+30 -1.0000000000000000199e+30 0 0 0 0 0 0 0 0 0 0 0 0 0 0 0 0 0 0 0 0 0 0 0 0 0 0 0 0 0 0 0 
1377.0836398421452031 1389.5463249459853614 0.0049348409266825581793 0.0080159094912787831611 0.881389463370668369 0.19623000618449520926 0.79595535706574715995 0.18856338692620500108 2.8347773446093418315 0.12252854084334151297 0.99669519900453795724 0.92716364345158719384 0.81514901120818561431 0.0012620601594443372519 0.002250556795342892151 0.0013676808008092360049 0.58984693420316225421 0.11214830855248464347 0.88766612229337815698 0.52156230993191843304 0.65080596402630053188 0.75689879657912340072 4.1487552499499518177 0.99728030216829866017 0.090386154815859959255 -1.714433046086826451 -1.2514131231642826592 -0.94587082940069189263 -0.078918353519462053347 -3.164481818033540339 0.018430838118321194591 0.95757103978847890602 0.5 
-1.0000000000000000199e+30 -1.0000000000000000199e+30 0 0 0 0 0 0 0 0 0 0 0 0 0 0 0 0 0 0 0 0 0 0 0 0 0 0 0 0 0 0 0 
1430.1272703617655679 1422.427783861400485 0.0045684501315212755826 0.0082642154452113696095 0.79760536099129064613 0.18549789163191227059 0.64064563654986317331 0.048635478025564934934 2.3751326285991245513 0.2725868538905070193 0.96924138450868269068 0.85482471222953848589 0.83579725231980017686 0.00037097608399854907664 0.0046352305614096615469 0.0011077604375220781972 -0.12599683455240318075 0.18997527031411828857 0.71216220848614031347 0.67394063620090549627 0.0029876889515550548657 0.045702960211704918292 3.7238355441496890919 0.99728030216829866017 0.090386154815859959255 -1.714433046086826451 -1.2514131231642826592 -0.94587082940069189263 -1.1768757391010706836 -1.2990016146986151924 0.13327389018238666729 0.95757103978847890602 0.5 
-1.0000000000000000199e+30 -1.0000000000000000199e+30 0 0 0 0 0 0 0 0 0 0 0 0 0 0 0 0 0 0 0 0 0 0 0 0 0 0 0 0 0 0 0 
-75310.863616714836098 -75321.07703156680509 0.0048473231669049713505 0.0066737806234353535054 0.57058748858980834484 0.42900483962148427963 0.54350371938198804855 0.724773406982421875 4.1653271696530280721 0.87468128674663603306 0.82815271113067867592 0.83247210090048606723 0.054162779124453663826 0.0041548991226591173304 0.0078714887495152652264 0.00039183016400784253857 -0.32486035010438646387 0.27955806976571262457 0.98950448123107503928 0.54413552254372177241 0.00013229252817805679234 0.009655660773572131636 4.7311329448074088688 0.99728030216829866017 0.090386154815859959255 -1.714433046086826451 -1.2514131231642826592 -0.94587082940069189263 -0.065674183199381841458 1.2536967278540840365 0.0089542728418943763613 0.95757103978847890602 0.5 
-1.0000000000000000199e+30 -1.0000000000000000199e+30 0 0 0 0 0 0 0 0 0 0 0 0 0 0 0 0 0 0 0 0 0 0 0 0 0 0 0 0 0 0 0 
1353.6246631999879355 1355.2102060483546211 0.0051010392749327128012 0.0091055226375950440443 0.86173102939549506285 0.01557868948934001789 0.30297657878891925964 0.50311978785224664712 2.8678450419933154691 0.34322579505476918937 0.99910556471904887754 0.38234529253212540256 0.89345342579897280011 0.0030413942960010537445 0.067600114765378360726 0.0012608016734572057797 -0.62560882150762153753 0.0046162546868786739213 0.068208830770053421877 0.76404847689041610614 0.085232402365396836563 6.7209990973069174227e-05 3.0145202255631899924 0.99728030216829866017 0.090386221331719918126 -1.714433046086826451 -1.2514131231642826592 -0.94587082940069189263 0.22748377221828242067 -2.2507512161288296682 -0.009009621809545826851 0.95756657304962911059 0.5 
-1.0000000000000000199e+30 -1.0000000000000000199e+30 0 0 0 0 0 0 0 0 0 0 0 0 0 0 0 0 0 0 0 0 0 0 0 0 0 0 0 0 0 0 0 
1437.1759556240410802 1430.5710073522031962 0.0057563198352726021451 0.013815865566733913361 0.78781529494058999408 0.11800818167038490403 0.77939813868274432362 0.067264835534210420942 4.1537739008803526986 0.63540661542639942372 0.99429099125167863527 0.8052380965935075352 0.92869736816732106899 0.00036697713888034103145 0.0087415587097765500013 0.0012086061478813309687 -0.032905627552391604473 0.74266559554044653257 0.6975372788040898886 0.7193761132371890854 0.0013359993412329672705 0.0012348737496203296155 3.3640051008807891897 0.99728030216829866017 0.090386221331719918126 -1.714433046086826451 -1.2514131231642826592 -0.94587082940069189263 1.2883217213553985747 0.48891107535265942996 0.63757209692909289078 0.95756657304962911059 0.5 
-1.0000000000000000199e+30 -1.0000000000000000199e+30 0 0 0 0 0 0 0 0 0 0 0 0 0 0 0 0 0 0 0 0 0 0 0 0 0 0 0 0 0 0 0 
-1.0000000000000000199e+30 -1.0000000000000000199e+30 0 0 0 0 0 0 0 0 0 0 0 0 0 0 0 0 0 0 0 0 0 0 0 0 0 0 0 0 0 0 0 
-1.0000000000000000199e+30 -1.0000000000000000199e+30 0 0 0 0 0 0 0 0 0 0 0 0 0 0 0 0 0 0 0 0 0 0 0 0 0 0 0 0 0 0 0 
-1.0000000000000000199e+30 -1.0000000000000000199e+30 0 0 0 0 0 0 0 0 0 0 0 0 0 0 0 0 0 0 0 0 0 0 0 0 0 0 0 0 0 0 0 
-1.0000000000000000199e+30 -1.0000000000000000199e+30 0 0 0 0 0 0 0 0 0 0 0 0 0 0 0 0 0 0 0 0 0 0 0 0 0 0 0 0 0 0 0 
-554.78980071577450417 -558.99233382170109508 0.0053585207484154158755 0.0089817855432299531504 0.97010968698892341422 0.60258513488894593912 0.1543981926554340578 0.99745026881575837852 3.7048969372988183046 0.30409561934055828747 0.99296362900345580549 0.91275089511334472903 0.83957783930007290341 0.0086063170418469343848 0.0016161898202436463055 0.0013425300545309830098 -0.61378996436795285607 0.53726216335780918598 0.12152252951636910439 0.66402828064747154713 0.0015639762091450393026 0.00026823567459359763969 2.1585109983570873737 0.99728030216829866017 0.090386221331719918126 -1.714433046086826451 -1.2514131231642826592 -0.94587082940069189263 -0.43212728522326432357 0.38084908240657600054 1.6147204130504895225 0.95756657304962911059 0.5 
-1.0000000000000000199e+30 -1.0000000000000000199e+30 0 0 0 0 0 0 0 0 0 0 0 0 0 0 0 0 0 0 0 0 0 0 0 0 0 0 0 0 0 0 0 
-1143651.3969378003385 -1143659.7435120604932 0.005790505650933382327 0.010861295775701006877 0.46089577397135556014 0.04581935434438049598 0.84927264154660953022 0.00088677209633871172025 2.0956519232558656896 0.45255815963826473425 0.65034753703214653875 0.42824185330836950225 0.91519395571209649631 0.00045198588940621297477 0.035544973499283309681 0.0010898675347889125956 -1.2492505718985125185 0.29850961691427813083 0.56705934117657308402 0.40424895445456404675 0.00018308541504666209112 0.0024174835154493596288 1.6434529064668037535 0.99728030216829866017 0.090386221331719918126 -1.714433046086826451 -1.2514131231642826592 -0.94587082940069189263 0.82105980993918614708 -0.11643258730938606249 -1.1119470150282459997 0.95756657304962911059 0.5 
-1.0000000000000000199e+30 -1.0000000000000000199e+30 0 0 0 0 0 0 0 0 0 0 0 0 0 0 0 0 0 0 0 0 0 0 0 0 0 0 0 0 0 0 0 
1372.3001557725715429 1382.145529886308168 0.0056244646778665086106 0.0081455880347214119908 0.99608606913018427065 0.18273034342356303528 0.96499192273467682135 0.18007484534774653717 4.2583436844185253989 0.2812345718106831205 0.99763687851423732411 0.90848739212682205757 0.85026404650646181249 0.0010162993260061415918 0.0032412607298953548078 0.0015690273636158348896 -0.63882377598052142442 0.05583841902560930659 0.99991833056568724114 0.68484302221793269538 2.6922410520050947319e-05 0.0074403748285608020327 3.4272866849653045307 0.99728030216829866017 0.090386301188100953707 -1.714433046086826451 -1.2514131231642826592 -0.94587082940069189263 -0.34211553541768635611 2.151084513421821498 1.1193925660645480669 0.9575707642870814329 0.5 
-1.0000000000000000199e+30 -1.0000000000000000199e+30 0 0 0 0 0 0 0 0 0 0 0 0 0 0 0 0 0 0 0 0 0 0 0 0 0 0 0 0 0 0 0 
1413.4628915389430404 1421.0140119453378702 0.0053110441424794345086 0.0076498452753251721184 0.85777336269422932435 0.00096785540969600183762 0.88058647434239145646 0.18832027770982207038 2.8050949641211788688 0.046225035919818503738 0.99990977262547187099 0.99599422852507912829 0.89612817273653366801 0.0013283254791745060554 0.0033549377601691668729 0.0011959943282074565751 -1.7050752976897805002 0.78620340177680714255 0.22099515207894174229 0.24004116641340311755 0.097054451245069423004 0.00016500794270694923343 3.3475238206167019506 0.99728030216829866017 0.095649868334403503889 -1.714433046086826451 -1.2514131231642826592 -0.94587082940069189263 1.6141035762417541566 0.84200450524629821825 -1.2771778429456328574 0.87423654462603705984 0.5 
-1.0000000000000000199e+30 -1.0000000000000000199e+30 0 0 0 0 0 0 0 0 0 0 0 0 0 0 0 0 0 0 0 0 0 0 0 0 0 0 0 0 0 0 0 
-11002.546785835904302 -11015.732146162110439 0.0070872692856937639927 0.0090567987148339537673 0.70942955254577100277 0.20672060106880962849 0.10299793095327913761 0.34279107325710356236 3.9587593345902858388 0.52229993999935686588 0.91734767435118558243 0.87491546045057477787 0.23631312488578259945 0.0042250140174292030726 0.0046882352652028204398 0.00072384697617962952959 -0.2611368324373073424 1.7229816994355876025e-08 0.56573586113219986871 0.627175761605050619 0.0024133881473485602545 0.0016125854244320911822 3.1141951892215522513 0.99728030216829866017 0.095649868334403503889 -1.714433046086826451 -1.2514131231642826592 -0.94587082940069189263 0.01219739703264078115 -0.023721312432505133744 -0.00074338270112452769015 0.87423654462603705984 0.5 
-1.0000000000000000199e+30 -1.0000000000000000199e+30 0 0 0 0 0 0 0 0 0 0 0 0 0 0 0 0 0 0 0 0 0 0 0 0 0 0 0 0 0 0 0 
1371.2812642174319535 1365.9126266482032861 0.0069438570750638859905 0.013948030554307225271 0.95605606495230810449 0.17278873472686384627 0.96385755909030856881 0.0044952314478410139789 3.4329067432340205634 0.74236535123800218017 0.77195114000625697503 0.83040055996878359146 0.92982151790498734911 0.00030055091154261565469 0.0068241322716110332583 0.0014155378719446012892 0.13485414871057388453 0.45941324525118920619 0.00091035541750071895424 0.70131791700710377491 0.036615153836304668855 0.0012860527773181104714 3.9622618266784357388 0.99728030216829866017 0.095643340003094670654 -1.714433046086826451 -1.2514131231642826592 -0.94587082940069189263 0.01627502860670412832 -0.017998292471028722039 0.00085749743652734078392 0.87423632371254944573 0.5 
