-1.0000000000000000199e+30 -1.0000000000000000199e+30 0 0 0 0 0 0 0 0 0 0 0 0 0 0 0 0 0 0 0 0 0 0 0 0 0 0 0 0 0 0 0 
1506.1035932600832439 1488.1458805521531303 0.004314690337230392414 0.0079573414763902516195 0.67047694311834105108 0.11540740131694149362 0.15475462619829227773 0.0070500232187387960534 1.9669823992499397836 0.22633253113737386575 0.0021368354195084060011 0.96721534932961095166 0.88603182546299530387 0.0012678695162660752731 0.0034549407452224962199 0.0011762784873455209289 -0.29054761891395536333 0.46819734646838634395 0.64504344430437132729 0.60023049266720907013 0.0014148339529033097505 0.0004984714001963155448 3.780608035748890039 0.99728030216829866017 0.029395202910320050727 -1.714433046086826451 -1.2514131231642826592 -0.94587082940069189263 1.3563100757753256964 -0.49424662241040329125 0.094031029435164836805 0.55104100068033068371 0.5 
-1.0000000000000000199e+30 -1.0000000000000000199e+30 0 0 0 0 0 0 0 0 0 0 0 0 0 0 0 0 0 0 0 0 0 0 0 0 0 0 0 0 0 0 0 
-1.0000000000000000199e+30 -1.0000000000000000199e+30 0 0 0 0 0 0 0 0 0 0 0 0 0 0 0 0 0 0 0 0 0 0 0 0 0 0 0 0 0 0 0 
-1.0000000000000000199e+30 -1.0000000000000000199e+30 0 0 0 0 0 0 0 0 0 0 0 0 0 0 0 0 0 0 0 0 0 0 0 0 0 0 0 0 0 0 0 
1560.0707441498336721 1556.5077041264100899 0.0056851787311249729964 0.010078035609496752492 0.92429857443531882044 0.0068594109688362029167 0.27680902180818550695 0.55856187230128295784 2.8721982525963332122 0.28134352940872281446 0.99958805221480562242 0.23088810001110041115 0.90556560075161074419 0.0038844409877721417131 0.20847033489943214701 0.0011695822045949837067 -0.16315544673087581384 0.97488892728579001901 0.13131803157534019388 0.59398485270087097998 0.0018078051587482207342 0.00016238028634376166343 4.4604690553520276453 0.99728030216829866017 0.0058841988322387997826 -1.714433046086826451 -1.2514131231642826592 -0.94587082940069189263 0.0026307770286248754153 -0.00050869248963541829813 -0.00014315806864455396302 0.48390717195867405387 0.5 
-1.0000000000000000199e+30 -1.0000000000000000199e+30 0 0 0 0 0 0 0 0 0 0 0 0 0 0 0 0 0 0 0 0 0 0 0 0 0 0 0 0 0 0 0 
-1.0000000000000000199e+30 -1.0000000000000000199e+30 0 0 0 0 0 0 0 0 0 0 0 0 0 0 0 0 0 0 0 0 0 0 0 0 0 0 0 0 0 0 0 
-1.0000000000000000199e+30 -1.0000000000000000199e+30 0 0 0 0 0 0 0 0 0 0 0 0 0 0 0 0 0 0 0 0 0 0 0 0 0 0 0 0 0 0 0 
-3918359.2471075328067 -3918368.6660658773035 0.0062085977173398860032 0.011520784943331937797 0.83490584354548369461 0.12330282268033440629 0.94004631907834002025 0.12354197841827517512 3.017483163539895763 0.17048581464571421762 0.99825309594642885891 0.87561047750506970644 0.86713067535180254897 0.00071536437038757414407 0.0033510799030485615736 0.0012441599206121335078 -0.37368157939130230982 0.36502129142172634602 0.79114130488596856594 0.06775956018827855587 0.0014139140909537673604 0.0007367480034008622343 2.3850806932896375656 0.99728030216829866017 0.0058841988322387997826 -1.714433046086826451 -1.2514131231642826592 -0.94587082940069189263 0.66830410576084908758 -1.5112810299556080906 2.4034908120444047341 0.48390717195867405387 0.5 
-1.0000000000000000199e+30 -1.0000000000000000199e+30 0 0 0 0 0 0 0 0 0 0 0 0 0 0 0 0 0 0 0 0 0 0 0 0 0 0 0 0 0 0 0 
-1.0000000000000000199e+30 -1.0000000000000000199e+30 0 0 0 0 0 0 0 0 0 0 0 0 0 0 0 0 0 0 0 0 0 0 0 0 0 0 0 0 0 0 0 
-1.0000000000000000199e+30 -1.0000000000000000199e+30 0 0 0 0 0 0 0 0 0 0 0 0 0 0 0 0 0 0 0 0 0 0 0 0 0 0 0 0 0 0 0 
-1.0000000000000000199e+30 -1.0000000000000000199e+30 0 0 0 0 0 0 0 0 0 0 0 0 0 0 0 0 0 0 0 0 0 0 0 0 0 0 0 0 0 0 0 
-1.0000000000000000199e+30 -1.0000000000000000199e+30 0 0 0 0 0 0 0 0 0 0 0 0 0 0 0 0 0 0 0 0 0 0 0 0 0 0 0 0 0 0 0 
1485.0864422975798789 1478.833106023851542 0.0048575192508543531614 0.0082523790719007620448 0.81560601611317062876 0.035075289556879253594 0.64468511294935149092 0.13585695853262599875 2.5580306166866497719 0.15841752065623504464 0.9996272242775733341 0.91193187101935002659 0.91138935441140844773 0.00096835146061005226894 0.0054377398110223166064 0.0012198269296801404066 1.9665676909658635907 0.62972799522020705965 0.26466868217840811006 0.030722912595852466117 0.0034560599580181331804 0.00076025559195524745199 2.2379488375061713512 0.99728030216829866017 0.19921806476324904756 -1.714433046086826451 -1.2514131231642826592 -0.94587082940069189263 0.052469276707824599737 0.075157296363889639079 0.14699125975330784577 0.99826082126886483969 0.5 
-1.0000000000000000199e+30 -1.0000000000000000199e+30 0 0 0 0 0 0 0 0 0 0 0 0 0 0 0 0 0 0 0 0 0 0 0 0 0 0 0 0 0 0 0 
1325.778026388087028 1329.3729461514972172 0.003409469355491725074 0.0077757306798891456454 0.86633239162499109387 0.74749425665106172811 0.56229888415091577869 0.82614162952513814364 1.5489646260018763435 0.055496498730959666068 0.99880232526174772545 0.88881169989574493329 0.48026352475701516997 0.006794678554884634944 0.0018884318972457656265 0.0033142114213802931384 0.1229256199516725323 0.99870345032822782638 0.9992667771205159255 0.71565837336979265526 0.0037093328374767481868 0.0014925762565501155855 2.6746847926531915896 0.99728030216829866017 0.19963926060665024287 -1.714433046086826451 -1.2514131231642826592 -0.94587082940069189263 1.6481407185843126584 0.39133623200082462423 -0.16685315677852075034 0.95143886520078113644 0.5 
-1.0000000000000000199e+30 -1.0000000000000000199e+30 0 0 0 0 0 0 0 0 0 0 0 0 0 0 0 0 0 0 0 0 0 0 0 0 0 0 0 0 0 0 0 
-996197.1697767652804 -996221.21154428785667 0.0025157416879665107402 0.004802144295147930779 0.51685925270430743694 0.4265370864886790514 0.72714776336215436459 0.39216112927533686161 3.2637124154251067054 0.64612052519805729389 0.86947146817110476658 0.92309560962021353081 0.22533410321921110153 0.00092851469060406088395 0.00015868524089455605529 6.2428538221865898915e-05 -0.0092182224387859171971 0.18341489100440805382 2.9593885331350617372e-07 0.61319906546249403068 0.0001165448596359068518 0.0063497686073441493571 3.2438263408431629031 0.99728030216829866017 0.19963926060665024287 -1.714433046086826451 -1.2514131231642826592 -0.94587082940069189263 -0.42970725489178684953 1.3650986063025560835 0.11910758961416308133 0.95143886520078113644 0.5 
-1.0000000000000000199e+30 -1.0000000000000000199e+30 0 0 0 0 0 0 0 0 0 0 0 0 0 0 0 0 0 0 0 0 0 0 0 0 0 0 0 0 0 0 0 
1406.8856376964567971 1397.0531667806792484 0.005520631537963521622 0.015063232915203048079 0.54182389378716211414 0.44579862210958776103 0.81634308158927337828 0.027371532743895865547 3.2380443524640347697 0.31997601780982576347 0.69893114591229521526 0.8477796403871821207 0.92014047666418341542 0.00056458348772411371189 0.0034011218584858700711 0.0012359560780768605922 -0.81640845706120424019 0.64126975500129901331 0.030144712951803608741 0.78797465986386483472 0.0053123553764452928483 0.0035958066027587153382 2.4889343084808239759 0.99728030216829866017 0.20911774166860114255 -1.714433046086826451 -1.2514131231642826592 -0.94587082940069189263 0.98623964150581200361 -0.60394473770974788085 0.88990333896450468654 0.97744245288495368307 0.5 
-1.0000000000000000199e+30 -1.0000000000000000199e+30 0 0 0 0 0 0 0 0 0 0 0 0 0 0 0 0 0 0 0 0 0 0 0 0 0 0 0 0 0 0 0 
1152.2024815186407523 1139.8350526182036901 0.0057412412986805050341 0.0095923458711990525205 0.52206396423345580171 0.91604620051845664364 0.95517569144631697675 0.016717898504036713542 3.1213110192464790238 0.6311928488288988115 0.74359812772920419466 0.75658073536558467787 0.12407158562524697731 0.00033622790566765928082 0.0023989716904091245783 0.014957299692201161262 0.086638222393989161585 0.0001127012925239569656 0.00010703364790360496981 0.44838655968774365768 0.071014991724773726678 0.00047279362332010852529 4.2376176180210256561 0.99728030216829866017 0.2091169353119763652 -1.714433046086826451 -1.2514131231642826592 -0.94587082940069189263 0.04119567337013158026 0.44667765384485230706 0.019975397925925619802 0.97743334950800542238 0.5 
-1.0000000000000000199e+30 -1.0000000000000000199e+30 0 0 0 0 0 0 0 0 0 0 0 0 0 0 0 0 0 0 0 0 0 0 0 0 0 0 0 0 0 0 0 
1352.2496817424434994 1357.1075587872940105 0.004889490047021981603 0.0095566303973808486988 0.63549120290823502 0.1242005075126149799 0.93009797772824087669 0.031394119047045289383 2.3445616244090294877 0.28450592417269443546 0.99880515909797862317 0.58953514491260949892 0.81575086905194094111 0.00017824675267376555903 0.012324451451576467348 0.001152562979297533461 0.58620197411167984658 0.60288860943922006896 0.14329583643501650481 0.53788123647109598036 0.80752766258028640944 1.0677150001728314965 4.6173596794538687149 0.99728030216829866017 0.2091169353119763652 -1.714433046086826451 -1.2514131231642826592 -0.94587082940069189263 -0.047153488658737550965 -0.31005277294544875133 -0.038825568037889827966 0.97743334950800542238 0.5 
-1.0000000000000000199e+30 -1.0000000000000000199e+30 0 0 0 0 0 0 0 0 0 0 0 0 0 0 0 0 0 0 0 0 0 0 0 0 0 0 0 0 0 0 0 
-5129178.2237963378429 -5129191.6027379715815 0.0044577262635816629691 0.0080597700079823534486 0.86884725215899671902 0.28503963206659765905 0.76587960129626309058 0.091352693559099071297 2.2828012242971129631 0.22238729728284151177 0.99750796054734713891 0.91557617239121580344 0.81534625037282060234 0.00054471319363411487349 0.0020968618257483778722 0.0012060213170030130783 0.067441673470346200081 0.51707666958595477347 0.99481308944070856448 0.54523033433242851231 0.00077888980624728492048 0.00013412375469981603149 4.7759874154792605339 0.99728030216829866017 0.2091169353119763652 -1.714433046086826451 -1.2514131231642826592 -0.94587082940069189263 -0.010121536261049460248 -0.0091565709538959302871 -0.0010090675192735735696 0.97743334950800542238 0.5 
-1.0000000000000000199e+30 -1.0000000000000000199e+30 0 0 0 0 0 0 0 0 0 0 0 0 0 0 0 0 0 0 0 0 0 0 0 0 0 0 0 0 0 0 0 
-21672607.691028576344 -21672610.303648814559 0.0050092582726602077198 0.0091667836201538045737 0.85626190809394064907 0.076090769237228697564 0.87109965846292292113 0.070394223093009120062 2.1988131515726356824 0.19773882426852493199 0.99859057218961422286 0.86305426829439668701 0.83875136001590133716 0.00038786728385094520859 0.0051609545288280973471 0.0011550740337192874196 -0.40163236511724814681 0.00091878534294664859772 0.11785399517975747585 0.9765177406370639801 0.00075686415424570442113 0.0056131669459864499266 1.4066774926614016294 0.99728030216829866017 0.2091169353119763652 -1.714433046086826451 -1.2514131231642826592 -0.94587082940069189263 -0.67283231483643790583 1.5641190269148805836 -1.2017323055747268779 0.97743334950800542238 0.5 
-1.0000000000000000199e+30 -1.0000000000000000199e+30 0 0 0 0 0 0 0 0 0 0 0 0 0 0 0 0 0 0 0 0 0 0 0 0 0 0 0 0 0 0 0 
-1.0000000000000000199e+30 -1.0000000000000000199e+30 0 0 0 0 0 0 0 0 0 0 0 0 0 0 0 0 0 0 0 0 0 0 0 0 0 0 0 0 0 0 0 
-1.0000000000000000199e+30 -1.0000000000000000199e+30 0 0 0 0 0 0 0 0 0 0 0 0 0 0 0 0 0 0 0 0 0 0 0 0 0 0 0 0 0 0 0 
-14241624.269534157589 -14241628.754447810352 0.005991682199330542434 0.012254250249173627429 0.570497074439164642 0.0047068054738814424365 0.97601887931261033238 0.019227999495610489239 1.415434419863930593 0.42684335294848618769 0.73510431094011574604 0.52755809959806876375 0.90196718142530585283 0.0004506509495971207477 0.29746625270030946364 0.0011013865848548518196 0.92761007828685693166 0.56881269556470215321 0.14615289145149290562 0.77552415546961128712 0.0011908011324703693216 0.0028908756817691027598 2.3147090889979153872 0.99728030216829866017 0.2091169353119763652 -1.714433046086826451 -1.2514131231642826592 -0.94587082940069189263 -0.29276778140227005531 1.3417929833119039973 -0.23468202038558874656 0.97743334950800542238 0.5 
-1.0000000000000000199e+30 -1.0000000000000000199e+30 0 0 0 0 0 0 0 0 0 0 0 0 0 0 0 0 0 0 0 0 0 0 0 0 0 0 0 0 0 0 0 
-1.0000000000000000199e+30 -1.0000000000000000199e+30 0 0 0 0 0 0 0 0 0 0 0 0 0 0 0 0 0 0 0 0 0 0 0 0 0 0 0 0 0 0 0 
-1.0000000000000000199e+30 -1.0000000000000000199e+30 0 0 0 0 0 0 0 0 0 0 0 0 0 0 0 0 0 0 0 0 0 0 0 0 0 0 0 0 0 0 0 
1456.0296124935600801 1445.6005387141219671 0.005040196079721879531 0.0093150879931897523356 0.86591151020385070947 0.34330975232470212211 0.90512446058083129152 0.10582788541359750001 2.3006338831848696103 0.15776400545359081651 0.99703466199916768176 0.88729505689693421999 0.77858219708141851445 0.00065564472462843986604 0.0021152919926458063106 0.001313710316740220041 -0.0010634199219748132446 1.632478267207576307e-07 0.79229359356893924726 0.63251468955102396752 0.079379393978667139864 0.00016325770416584869005 5.0312870007112762138 0.99728030216829866017 0.20911693179515103425 -1.714433046086826451 -1.2514131231642826592 -0.94587082940069189263 -0.35266323700566254429 0.04167216269712200466 0.075295299374354696109 0.97743273318774737124 0.5 
-1.0000000000000000199e+30 -1.0000000000000000199e+30 0 0 0 0 0 0 0 0 0 0 0 0 0 0 0 0 0 0 0 0 0 0 0 0 0 0 0 0 0 0 0 
-93446473.15048918128 -93446478.835802167654 0.0051509663741289802782 0.0086762821053145526562 0.93051334213879155488 0.091964474698782092132 0.91679005538713398415 0.36412245890456557129 2.7317910524683113316 0.11764821091497923433 0.99968183243421193662 0.92347727483769315171 0.83620218009419544636 0.0017589155292538904973 0.0019016493716811045615 0.0012746544675121612104 -0.27696461030314595275 0.79629238462075591087 0.27435518032871186733 0.98486573761329054832 0.0006266373403120211686 0.00031498563354215861542 2.1303072489099577069 0.99728030216829866017 0.20911691971588811101 -1.714433046086826451 -1.2514131231642826592 -0.94587082940069189263 0.26349456098692575212 -0.1857196095518948431 -0.44908043037918654594 0.97725309770594859238 0.5 
-1.0000000000000000199e+30 -1.0000000000000000199e+30 0 0 0 0 0 0 0 0 0 0 0 0 0 0 0 0 0 0 0 0 0 0 0 0 0 0 0 0 0 0 0 
1493.2191147624891983 1475.036771100197484 0.0054100585443913780381 0.0087959989954525166084 0.70961320953469420036 0.33324891116645016798 0.76952646772712396395 0.023847543450269948623 2.9734840073600370403 0.17320628672688800909 0.96895103237501856164 0.93426812023065486379 0.85370423878565881992 0.0002774520146546642814 0.0024825960337193412296 0.0012861908890555479208 -0.014544335420826710534 0.35808399935357715371 0.86939586786632150339 0.57189379936827211548 0.0011657950134827804994 0.00015373954600378690128 3.6101108776309063231 0.99728030216829866017 0.22082700818844633317 -1.714433046086826451 -1.2514131231642826592 -0.94587082940069189263 0.66493971426709608252 0.42550873137060341023 0.00058939275635759319927 0.94304621740337590818 0.5 
-1.0000000000000000199e+30 -1.0000000000000000199e+30 0 0 0 0 0 0 0 0 0 0 0 0 0 0 0 0 0 0 0 0 0 0 0 0 0 0 0 0 0 0 0 
1553.0537663498100756 1546.6156882731434052 0.0042199701087601917959 0.0050766714176990867385 0.79643811160582600461 0.1276094903361384425 0.94321752728262642229 0.052401797706621955353 3.1129528133666952705 0.0477977433700054119 0.9988543048569853422 0.94173343361017869402 0.9226131682722648053 0.000391941209329131862 0.0024608523547304385175 0.0012353985434554106294 -0.29343361470894879783 0.76588511327798691752 0.065774695926616402741 0.70545707433753468418 0.00083307766835603066884 0.00016086675300810686514 3.9464259173577036499 0.99728030216829866017 0.23079912135193539346 -1.714433046086826451 -1.2514131231642826592 -0.94587082940069189263 0.0015905728680275473593 -0.00093117129804047658187 -0.0074746406137293167765 0.9983047927650667841 0.5 
-1.0000000000000000199e+30 -1.0000000000000000199e+30 0 0 0 0 0 0 0 0 0 0 0 0 0 0 0 0 0 0 0 0 0 0 0 0 0 0 0 0 0 0 0 
-19186.343738346946338 -19183.381666082976153 0.0056385617587763319641 0.0087149810650423344821 0.90831313190854279238 0.53395300902913445107 0.78357941577420586743 0.31396474233186777436 4.2858928186518046033 0.10513811680595587517 0.97610428699770324101 0.9467266060867348676 0.8621727949615436426 0.0018336979784568611246 0.0014642179921746771316 0.001550966077635800109 0.87120756770343776854 0.24980673240497708321 0.40826287958770990372 0.45730579085648059845 0.004045321822632104089 0.0012765316502191127301 1.1275504429358989 0.99728030216829866017 0.23079912135193539346 -1.714433046086826451 -1.2514131231642826592 -0.94587082940069189263 -1.4249240302209780218 0.51885442878033249947 -0.087630547606695280427 0.9983047927650667841 0.5 
-1.0000000000000000199e+30 -1.0000000000000000199e+30 0 0 0 0 0 0 0 0 0 0 0 0 0 0 0 0 0 0 0 0 0 0 0 0 0 0 0 0 0 0 0 
-1.0000000000000000199e+30 -1.0000000000000000199e+30 0 0 0 0 0 0 0 0 0 0 0 0 0 0 0 0 0 0 0 0 0 0 0 0 0 0 0 0 0 0 0 
-1.0000000000000000199e+30 -1.0000000000000000199e+30 0 0 0 0 0 0 0 0 0 0 0 0 0 0 0 0 0 0 0 0 0 0 0 0 0 0 0 0 0 0 0 
1416.1289382981881317 1416.260796407684893 0.011951519629080411752 0.024543499017997884304 0.26920311837262894672 0.1989168495783293078 0.81600543839617956099 0.00047192493161050941535 1.8831243340785976947 0.28819845269610344651 0.80020616423310864107 0.3263841382908068689 0.86009096124279993401 0.00029589886724967398969 0.015746370392974416014 0.0010956421721523793445 0.025287460887288261413 0.12623294021774367213 0.00010688895867094098198 0.85876915797340092062 0.046491042258894194061 0.00015142270681304503799 3.8046189755476658156 0.99728030216829866017 0.23079912135193539346 -1.714433046086826451 -1.2514131231642826592 -0.94587082940069189263 0.88454732535536118032 0.19732354714370609061 -0.14129253744485451016 0.9983047927650667841 0.5 
-1.0000000000000000199e+30 -1.0000000000000000199e+30 0 0 0 0 0 0 0 0 0 0 0 0 0 0 0 0 0 0 0 0 0 0 0 0 0 0 0 0 0 0 0 
1404.2968856079910438 1410.6463627558630378 0.0049904420390110160871 0.0082857663494693058887 0.84236769042678105723 0.12113079225710150777 0.90126043792844057201 0.11884883002942969732 2.650024025938959138 0.13889409344578831917 0.99856538268260663926 0.93609212825319310092 0.85806856696207323143 0.00076898116017046994758 0.0023047569379001015856 0.0012085011863574529698 0.0038487270850260466709 0.00020733976158951014017 6.4772151367683831444e-11 0.76127135366365694669 1.6884781464143705509 0.25279614309725872978 3.3162425840760487716 0.99728030216829866017 0.23079898204682236518 -1.714433046086826451 -1.2514131231642826592 -0.94587082940069189263 0.13245557456371157001 0.90029071139933980472 0.027328671072333506065 0.99828321867803704315 0.5 
-1.0000000000000000199e+30 -1.0000000000000000199e+30 0 0 0 0 0 0 0 0 0 0 0 0 0 0 0 0 0 0 0 0 0 0 0 0 0 0 0 0 0 0 0 
-1.0000000000000000199e+30 -1.0000000000000000199e+30 0 0 0 0 0 0 0 0 0 0 0 0 0 0 0 0 0 0 0 0 0 0 0 0 0 0 0 0 0 0 0 
-1.0000000000000000199e+30 -1.0000000000000000199e+30 0 0 0 0 0 0 0 0 0 0 0 0 0 0 0 0 0 0 0 0 0 0 0 0 0 0 0 0 0 0 0 
-1.0000000000000000199e+30 -1.0000000000000000199e+30 0 0 0 0 0 0 0 0 0 0 0 0 0 0 0 0 0 0 0 0 0 0 0 0 0 0 0 0 0 0 0 
-1.0000000000000000199e+30 -1.0000000000000000199e+30 0 0 0 0 0 0 0 0 0 0 0 0 0 0 0 0 0 0 0 0 0 0 0 0 0 0 0 0 0 0 0 
1514.3656213075960295 1502.9701174742397143 0.0041877064321991326265 0.0065048199049754524409 0.74593665196454639332 0.25180069720291281543 0.87945869205653492973 0.05119409501853421085 3.6394686528408048964 0.18058919611210455525 0.98073865487161115961 0.90271111118506530691 0.89792751875185783383 0.0003984002034070854804 0.0027352018264157765617 0.0014138017791298542868 -0.10914224655229437522 0.30172761990277391364 0.01736000920157362154 0.66292012188221616231 0.0097301410888221227108 0.00030361818962064434681 4.3600732382287041844 0.99728030216829866017 0.24630949714499600356 -1.714433046086826451 -1.2514131231642826592 -0.94587082940069189263 -0.0031153898185927448965 -0.00084794313795863354016 -0.0016770135324352662166 0.97314817901815353629 0.5 
-1.0000000000000000199e+30 -1.0000000000000000199e+30 0 0 0 0 0 0 0 0 0 0 0 0 0 0 0 0 0 0 0 0 0 0 0 0 0 0 0 0 0 0 0 
-1.0000000000000000199e+30 -1.0000000000000000199e+30 0 0 0 0 0 0 0 0 0 0 0 0 0 0 0 0 0 0 0 0 0 0 0 0 0 0 0 0 0 0 0 
-1.0000000000000000199e+30 -1.0000000000000000199e+30 0 0 0 0 0 0 0 0 0 0 0 0 0 0 0 0 0 0 0 0 0 0 0 0 0 0 0 0 0 0 0 
-144063.42753141181311 -143840.76840816895128 0.1915061084094948074 2.3822001658022409765e-05 0.38714532324763450966 0.60750182904063687594 0.44587602049058278064 0.52893037025421218988 1.4232497543504984971 0.95786689782746459176 0.99994711188998064433 0.71733314091078170804 0.53477489163828439978 6.1237881891429426996e-05 0.010578037680684651209 0.32498514353950569422 -1.5583356874756422172 0.3929069803562015295 0.3761542406864464283 0.13080609869211912155 0.0097417158051393924062 0.0036765469610691072638 2.3679206111701205373 0.99728030216829866017 0.24630949714499600356 -1.714433046086826451 -1.2514131231642826592 -0.94587082940069189263 -0.63218304740665454133 1.5180929923427821659 -0.13160116087725884371 0.97314817901815353629 0.5 
-1.0000000000000000199e+30 -1.0000000000000000199e+30 0 0 0 0 0 0 0 0 0 0 0 0 0 0 0 0 0 0 0 0 0 0 0 0 0 0 0 0 0 0 0 
-1.0000000000000000199e+30 -1.0000000000000000199e+30 0 0 0 0 0 0 0 0 0 0 0 0 0 0 0 0 0 0 0 0 0 0 0 0 0 0 0 0 0 0 0 
-1.0000000000000000199e+30 -1.0000000000000000199e+30 0 0 0 0 0 0 0 0 0 0 0 0 0 0 0 0 0 0 0 0 0 0 0 0 0 0 0 0 0 0 0 
1385.8452687265601071 1391.487317835815702 0.0067372776399941660189 0.012343831130761437689 0.74017475457629078317 0.014822344906201045944 0.99793730352888576629 0.001756146518072157969 1.9931171384233918875 0.27927897597542383767 0.74283894752399903805 0.70145318621883168131 0.90710817594123560603 0.00036599398216172131411 0.083322348161264020439 0.0011112840611676793549 -0.59839438822196122647 0.047404803755395782949 0.071349478413747599581 0.66826107541674406587 0.16755360161474452951 0.0062285871820379383815 2.7531019673137651083 0.99728030216829866017 0.24630949714499600356 -1.714433046086826451 -1.2514131231642826592 -0.94587082940069189263 -1.0958761277157214042 0.086110179974878922615 -0.15013234890121546217 0.97314817901815353629 0.5 
-1.0000000000000000199e+30 -1.0000000000000000199e+30 0 0 0 0 0 0 0 0 0 0 0 0 0 0 0 0 0 0 0 0 0 0 0 0 0 0 0 0 0 0 0 
-599216.47239843860734 -599212.33909752673935 0.0027901164222351227708 0.0029528806029742826582 0.40851876706233436476 0.04170101605477505996 0.79188084497748079116 0.0004814505308242268797 2.5280175690866228955 0.60284441855672621369 0.64606942002563283456 0.3860737556097685319 0.89487047225836380271 0.00048784121078341365248 0.036877355237379234876 0.0011580835355269271294 1.6173286110849425246 0.25874148309230804443 0.3317561163567006588 0.85285348352044820786 0.0081583602167665959098 0.0074118248699232940069 1.0236157816834747791 0.99728030216829866017 0.24630949714499600356 -1.714433046086826451 -1.2514131231642826592 -0.94587082940069189263 -0.24387096796157800571 0.48780108620325202118 0.87509638018729796194 0.97314817901815353629 0.5 
-1.0000000000000000199e+30 -1.0000000000000000199e+30 0 0 0 0 0 0 0 0 0 0 0 0 0 0 0 0 0 0 0 0 0 0 0 0 0 0 0 0 0 0 0 
-1.0000000000000000199e+30 -1.0000000000000000199e+30 0 0 0 0 0 0 0 0 0 0 0 0 0 0 0 0 0 0 0 0 0 0 0 0 0 0 0 0 0 0 0 
-1.0000000000000000199e+30 -1.0000000000000000199e+30 0 0 0 0 0 0 0 0 0 0 0 0 0 0 0 0 0 0 0 0 0 0 0 0 0 0 0 0 0 0 0 
758.51815971914891179 756.32269196007359824 0.013134819456587107367 0.0098045804365021835963 0.72764166472455937829 0.93981481638811481538 0.75616792283557465737 0.026627688873029083105 1.86205177996312643 0.7146278547163363859 0.81226529452035489687 0.79449463561782462939 0.14817507577661309659 0.0003517185357463073936 0.0030907709202346736813 0.4901290891639794034 0.87786799042509222613 0.75139043363742530346 0.62545510847121477127 0.41955687454901635647 0.0021595636592246589963 0.0023004843387752771378 1.7571215984644368291 0.99728030216829866017 0.24630949714499600356 -1.714433046086826451 -1.2514131231642826592 -0.94587082940069189263 -1.3076150460601172476 2.2799420278376079096 0.1384078427961070723 0.97314817901815353629 0.5 
-1.0000000000000000199e+30 -1.0000000000000000199e+30 0 0 0 0 0 0 0 0 0 0 0 0 0 0 0 0 0 0 0 0 0 0 0 0 0 0 0 0 0 0 0 
-6734.9143663668055524 -6738.5426829205316608 0.0048421431643607005385 0.0071158266564298675028 0.93681969222432581734 0.31638545863622619114 0.8539130497308942136 0.36787946370821966724 3.4037873590560652204 0.15692967858704667816 0.99524996010282928971 0.96540320250313182981 0.79990402780511771219 0.0020303153914574714571 0.0014770193577290904787 0.0015399714625259240328 0.21916032806961019408 0.22563111386261880398 0.86293588927946984768 0.52091384376399219036 0.0041842177975922826422 0.0022207298106513917793 1.3454597285017371178 0.99728030216829866017 0.24630949714499600356 -1.714433046086826451 -1.2514131231642826592 -0.94587082940069189263 0.84809817369453255331 -0.51408099126504347431 0.60615209316025020492 0.97314817901815353629 0.5 
-1.0000000000000000199e+30 -1.0000000000000000199e+30 0 0 0 0 0 0 0 0 0 0 0 0 0 0 0 0 0 0 0 0 0 0 0 0 0 0 0 0 0 0 0 
-1.0000000000000000199e+30 -1.0000000000000000199e+30 0 0 0 0 0 0 0 0 0 0 0 0 0 0 0 0 0 0 0 0 0 0 0 0 0 0 0 0 0 0 0 
-1.0000000000000000199e+30 -1.0000000000000000199e+30 0 0 0 0 0 0 0 0 0 0 0 0 0 0 0 0 0 0 0 0 0 0 0 0 0 0 0 0 0 0 0 
1500.9073108152117584 1489.4143770957505239 0.0036316816107352521865 0.00538564974472669801 0.67313771960984192244 0.024379366259452830284 0.43192186647315933268 0.014797227241740203846 3.1755337822780194124 0.43766545656788385932 0.85973844832540868843 0.90562887277856196633 0.9690198729222643248 0.00050389736550794216735 0.018950094542644412704 0.0011586638928561968434 -0.36146870221583377036 0.32986286082263832631 0.3894358769872479642 0.69262040427269244702 0.00078781229713865703456 0.00031765200103072300641 2.4779555045977290639 0.99728030216829866017 0.22030451397276076819 -1.714433046086826451 -1.2514131231642826592 -0.94587082940069189263 -0.057805866707995999521 0.010500799240563345183 -0.017351700878895506136 0.9378213614401842424 0.5 
-1.0000000000000000199e+30 -1.0000000000000000199e+30 0 0 0 0 0 0 0 0 0 0 0 0 0 0 0 0 0 0 0 0 0 0 0 0 0 0 0 0 0 0 0 
1406.4779908654190876 1398.9779874047094381 0.0039409039681747737999 0.00820764244057297504 0.53268824801489400578 0.6306730584835015252 0.98792230935119618174 0.98328673855396708792 2.3069510297783968333 0.20981849213599038095 0.85783477605599656179 0.86732831435429336153 0.78711568156965261434 0.0064955026143236754832 0.0025156699239076737822 0.0012620689489588135263 -0.047159678270981525428 0.74541506678012248166 0.58523840092832080106 0.62551619325921781201 0.0080066347181018231172 1.9149064699853191008e-05 5.7739446282439867986 0.99728030216829866017 0.19928739284502930418 -1.714433046086826451 -1.2514131231642826592 -0.94587082940069189263 -0.032387976928180371716 -0.009419060360738588239 0.00019632904263445740333 0.93532146814083028108 0.5 
-1.0000000000000000199e+30 -1.0000000000000000199e+30 0 0 0 0 0 0 0 0 0 0 0 0 0 0 0 0 0 0 0 0 0 0 0 0 0 0 0 0 0 0 0 
1498.6116705353408634 1498.6548952636590002 0.0064008739508666749607 0.012578678358521036898 0.89767983071628609792 0.82598613153586086799 0.73553023088197277968 0.62102364726919601079 3.9659431779275546859 0.09022993175854718273 0.99071294211336147217 0.98384209146491741205 0.80645593402288484608 0.0038263653539992309449 0.0012356188039109429824 0.0017264386618770853187 -0.034801053024735906227 0.2873048577470165843 0.8888787067584787982 0.59726853569680860012 0.025263765221351801998 0.0069016891882801327182 3.264886955296869786 0.99728030216829866017 -0.0054961681486514141551 -1.714433046086826451 -1.2514131231642826592 -0.94587082940069189263 -0.0016258653786130482406 -0.0069196161077160174904 -0.00093522830062812349443 0.88199217479253533281 0.5 
-1.0000000000000000199e+30 -1.0000000000000000199e+30 0 0 0 0 0 0 0 0 0 0 0 0 0 0 0 0 0 0 0 0 0 0 0 0 0 0 0 0 0 0 0 
-1.0000000000000000199e+30 -1.0000000000000000199e+30 0 0 0 0 0 0 0 0 0 0 0 0 0 0 0 0 0 0 0 0 0 0 0 0 0 0 0 0 0 0 0 
-1.0000000000000000199e+30 -1.0000000000000000199e+30 0 0 0 0 0 0 0 0 0 0 0 0 0 0 0 0 0 0 0 0 0 0 0 0 0 0 0 0 0 0 0 
1420.4143410423698697 1411.6783754395230517 0.0046318541650033576845 0.0073034961726716690969 0.88224785784380932441 0.21371450820570678242 0.80423833142055467516 0.11123208465416528634 2.8502985269240666 0.19980232459469862705 0.99774139851617282826 0.912782782578744456 0.84976209567059646233 0.00069087258752631810522 0.0025949452281251272727 0.0012540910132197778497 -0.5350591198045487884 0.42171271516751779318 0.00012889611410000828464 0.51500482284222293128 0.11208540540403265362 0.0001611269964458315971 4.5895235955410758066 0.99728030216829866017 -0.0038356316038170475136 -1.714433046086826451 -1.2514131231642826592 -0.94587082940069189263 -1.0622363395691085675 -0.062062863314221915212 -0.27922484101972572246 0.84448666568434360702 0.5 
-1.0000000000000000199e+30 -1.0000000000000000199e+30 0 0 0 0 0 0 0 0 0 0 0 0 0 0 0 0 0 0 0 0 0 0 0 0 0 0 0 0 0 0 0 
869.83929667441850597 864.03992545501785116 0.0063856952746346807084 0.0085739776615871253485 0.79396389801430866662 0.096605674730433743758 0.79857411402909450615 0.074149132632214356797 4.290996204201241504 0.20502968524959919172 0.99730654517629324651 0.88484263760357673156 0.95451942541099421558 0.00050269818359560246995 0.0043448838072991267586 0.0011780779762681388434 -0.11278661928197893094 0.1987024332185836073 0.26494502433040373335 0.54669702555162880131 0.0024387618747936348935 0.0026205917191611713922 4.7326366605591614345 0.99728030216829866017 -0.0038356316038170475136 -1.714433046086826451 -1.2514131231642826592 -0.94587082940069189263 0.055547970699178578213 -0.041213242946294539881 -0.0051665525761171058813 0.84448666568434360702 0.5 
-1.0000000000000000199e+30 -1.0000000000000000199e+30 0 0 0 0 0 0 0 0 0 0 0 0 0 0 0 0 0 0 0 0 0 0 0 0 0 0 0 0 0 0 0 
-149366225625625.75 -149366225625637.5 0.002624451691517606499 0.0057362666202243417848 0.74321489175781607628 0.64004044956527650356 0.33963317004963755608 0.01315570133738219738 3.6871235402766613376 0.2621131467167288065 0.912085576960816935 0.86009747865609820217 0.77482232381589710712 0.00034387825522571804525 0.0033648575097322466071 9.5312569756060837615e-05 0.029283869490239724381 0.43705670477153374387 0.20479373228595976197 0.60972389611795674291 0.00089634327301978003553 0.097144027273501756814 3.7573157470120071011 0.99728030216829866017 -0.0038356316038170475136 -1.714433046086826451 -1.2514131231642826592 -0.94587082940069189263 -0.011892255850913356283 -0.0026790595370086650942 -0.0069105089859384438364 0.84448666568434360702 0.5 
-1.0000000000000000199e+30 -1.0000000000000000199e+30 0 0 0 0 0 0 0 0 0 0 0 0 0 0 0 0 0 0 0 0 0 0 0 0 0 0 0 0 0 0 0 
1532.881066877979265 1529.190998091138681 0.0068675171500123394219 0.0097617692548041777589 0.70389135699222604714 0.10409389587360967644 0.87644899983765267582 0.035356537557806370919 3.1291935441162981313 0.082251317378964475258 0.99881643422632881979 0.94668811645524753029 0.91932359520985629242 0.00034280540337331847972 0.0028763059810027928956 0.0012685544214615209271 0.083752704135071354141 0.45018196140308247566 0.9961364698436525611 0.59495614335737878609 0.00019124023142154543864 0.0098247357680361600829 2.752543085246036636 0.99728030216829866017 0.012372326430427829994 -1.714433046086826451 -1.2514131231642826592 -0.94587082940069189263 0.002509176099083463337 -0.0085148987860286465962 -0.0025390277221388098117 0.91649442093316157987 0.5 
-1.0000000000000000199e+30 -1.0000000000000000199e+30 0 0 0 0 0 0 0 0 0 0 0 0 0 0 0 0 0 0 0 0 0 0 0 0 0 0 0 0 0 0 0 
1396.8888640790478348 1409.7343230459582628 0.0050181127896862165114 0.0060975379132844715821 0.84379143551772861631 0.0005148792811088349821 0.92774066760004358922 0.15908934322301945818 2.9084874433372798208 0.028006027977327270506 0.99995997200856368003 0.99783708663650094728 0.93764285027613014645 0.0011465376687543973357 0.003073087262601031152 0.0012434721946842110501 1.2769084752434176622 0.12646108057092780852 0.16021661967270856008 0.69257192963061964264 0.47945071628811425368 0.0001689320939977589323 1.3934411356041442875 0.99728030216829866017 0.04571257878652837392 -1.714433046086826451 -1.2514131231642826592 -0.94587082940069189263 2.5172826070823663969 0.12434308970737056876 0.71442400564195318591 0.92181825477526002643 0.5 
-1.0000000000000000199e+30 -1.0000000000000000199e+30 0 0 0 0 0 0 0 0 0 0 0 0 0 0 0 0 0 0 0 0 0 0 0 0 0 0 0 0 0 0 0 
1539.6137887857821624 1521.5561811406296329 0.0056699522305844610517 0.00971557106910864339 0.6030824285191510592 0.13088400742230019147 0.45891632995379161297 0.011478370484541179641 3.310593569999016772 0.2627162625035848742 0.76732339711321673192 0.94595668983406155927 0.91696761364462398003 0.00055267135609613892572 0.0042400546100098898683 0.0011779898602694194483 -0.022068170811449606961 0.011754018267039811896 0.26868637681962936892 0.63418134115699575926 0.0013386334308945052867 0.00016459503429817716469 3.5234874368094293295 0.99728030216829866017 0.011534940296745274657 -1.714433046086826451 -1.2514131231642826592 -0.94587082940069189263 -0.0036669368281652642109 -0.0031367099173622964813 -0.0012638778472472249077 0.82903980019086465081 0.5 
-1.0000000000000000199e+30 -1.0000000000000000199e+30 0 0 0 0 0 0 0 0 0 0 0 0 0 0 0 0 0 0 0 0 0 0 0 0 0 0 0 0 0 0 0 
-3827.574006866084801 -3833.8106946787956986 0.0030809747136463679074 0.0059344602845526972859 0.80365483449058638943 0.1667130166481492759 0.57444992571729003306 0.12722951657264058856 4.2567922538179745473 0.77763820647716241918 0.82744922096047845983 0.83771836731629023554 0.42231438650359104381 0.0010711815898533207439 0.010058017377618451091 0.0068970112009229126229 1.8127740727167160895 0.36043670055338533631 0.4751793813196961147 0.60477895052866459391 0.0099543590666404269812 0.004102255800881607524 5.182690072761811706 0.99728030216829866017 0.011534940296745274657 -1.714433046086826451 -1.2514131231642826592 -0.94587082940069189263 -0.14559253882190989482 -0.11201105615093619183 0.041942933062591725157 0.82903980019086465081 0.5 
-1.0000000000000000199e+30 -1.0000000000000000199e+30 0 0 0 0 0 0 0 0 0 0 0 0 0 0 0 0 0 0 0 0 0 0 0 0 0 0 0 0 0 0 0 
-7199.3699101423917455 -7203.1668195582451517 0.0050050922429910119082 0.0088148228923239091426 0.84483853522299068306 0.14331788171558412781 0.85325745495096505522 0.098493655073681921075 2.4598374715617903341 0.18385616207119734322 0.9981932400084668755 0.88780406490461361013 0.83824547919997283163 0.00057631419448022605696 0.0030271798357582781897 0.0012127689793814029357 0.67928019307209952515 0.19958837493322789669 0.8283759700134396553 0.032175894593819975853 0.0054761268966831266186 0.0052655480941757558389 1.1395628047175705433 0.99728030216829866017 0.011534940296745274657 -1.714433046086826451 -1.2514131231642826592 -0.94587082940069189263 1.05089776976754945 -0.65415293796020934636 -1.0311152799892937537 0.82903980019086465081 0.5 
