-1.0000000000000000199e+30 -1.0000000000000000199e+30 0 0 0 0 0 0 0 0 0 0 0 0 0 0 0 0 0 0 0 0 0 0 0 0 0 0 0 0 0 0 0 
1576.9323641593562115 1571.1560440719476901 0.0052472791783769656346 0.0080326751858031050779 0.83845179437136596601 0.45471725811687335739 0.82387144551386615188 0.13397355855672496427 3.7830878532949778759 0.16586808947729583807 0.99843683003463656878 0.95381482943843376443 0.86168022947284328428 0.00098095232772083180463 0.0017384535791116525593 0.0014070777898858566595 -0.0063575198910446823267 0.98328231540780408615 0.94853297926803314954 0.51647584592144002436 0.00020838772284728494018 0.0024651094779333353191 7.2806269350719379219 0.99728030216829866017 -0.00072365362167374524312 -1.714433046086826451 -1.2514131231642826592 -0.94587082940069189263 -0.00011200857926610332128 -0.0022690520431163509023 -0.00027397999846059571064 0.4618573957718453693 0.5 
-1.0000000000000000199e+30 -1.0000000000000000199e+30 0 0 0 0 0 0 0 0 0 0 0 0 0 0 0 0 0 0 0 0 0 0 0 0 0 0 0 0 0 0 0 
1500.8692740289025096 1495.0561833710576138 0.0048706890871658223979 0.0076508941822196413832 0.63710072620979962821 0.21641648023866882911 0.90934214115121325683 0.039462741203275628066 2.9432679491050950382 0.11195367918972540244 0.99805410282646989106 0.89187702574959326629 0.86184612235108892797 0.00042210796414597281934 0.0027652064773590295625 0.0012789810002757919741 -0.23885399123984102365 0.0043189693060625249099 0.99706921105823487217 0.63543221767024826718 0.0001253905571193237819 0.065772134287819375431 2.8568451368591230022 0.99728030216829866017 -0.043840436486503070457 -1.714433046086826451 -1.2514131231642826592 -0.94587082940069189263 0.26116139872544841261 0.0070780609793664548551 -0.0058497878890250275957 0.67096139139586263855 0.5 
-1.0000000000000000199e+30 -1.0000000000000000199e+30 0 0 0 0 0 0 0 0 0 0 0 0 0 0 0 0 0 0 0 0 0 0 0 0 0 0 0 0 0 0 0 
1373.3816340768100872 1376.5107053467761489 0.0040841047520662173212 0.0097797202833898935759 0.56366503685104130117 0.040638696628016134083 0.95759554443237993038 0.021754740623456291643 2.5461734766968078247 0.31744699658391178909 0.88398134898053737363 0.53787953427554080488 0.92832456772836358105 0.00026578416346152488941 0.030162534277572313618 0.0013401794593411999953 0.58481894143984736179 0.019759810666845852023 0.19402154187023762377 0.59911355720254011459 1.0872492484768754295 3.1402348440380927208 3.6553012272519751491 0.99728030216829866017 -0.050308869414079526727 -1.714433046086826451 -1.2514131231642826592 -0.94587082940069189263 0.23144186052096601958 0.83015325001578210706 -0.22406394389484565743 0.70273851136038978371 0.5 
-1.0000000000000000199e+30 -1.0000000000000000199e+30 0 0 0 0 0 0 0 0 0 0 0 0 0 0 0 0 0 0 0 0 0 0 0 0 0 0 0 0 0 0 0 
-1.0000000000000000199e+30 -1.0000000000000000199e+30 0 0 0 0 0 0 0 0 0 0 0 0 0 0 0 0 0 0 0 0 0 0 0 0 0 0 0 0 0 0 0 
-1.0000000000000000199e+30 -1.0000000000000000199e+30 0 0 0 0 0 0 0 0 0 0 0 0 0 0 0 0 0 0 0 0 0 0 0 0 0 0 0 0 0 0 0 
-1.0000000000000000199e+30 -1.0000000000000000199e+30 0 0 0 0 0 0 0 0 0 0 0 0 0 0 0 0 0 0 0 0 0 0 0 0 0 0 0 0 0 0 0 
-1.0000000000000000199e+30 -1.0000000000000000199e+30 0 0 0 0 0 0 0 0 0 0 0 0 0 0 0 0 0 0 0 0 0 0 0 0 0 0 0 0 0 0 0 
1030.6739092080956652 1035.4118919583609113 0.0067126751915058003456 0.012409256983677074276 0.12880658997102575891 0.73274742577581630787 0.99753154836360957702 0.0020557131640390690318 3.8917906841261769024 0.8478179297516785784 0.68355923134016560727 0.66444179274911374655 0.9493305658744505271 0.00048573707279967809824 0.0063763425431446908026 0.18291254922768490632 -0.067448563214009230049 0.15314975070992536965 0.40232139690957269273 0.56005703745898915979 0.22440929215245258854 0.00013527661712488698318 5.1536664961838214438 0.99728030216829866017 -0.050308869414079526727 -1.714433046086826451 -1.2514131231642826592 -0.94587082940069189263 0.17837099027898689618 0.057319226937329673111 -0.010714869793115025173 0.70273851136038978371 0.5 
-1.0000000000000000199e+30 -1.0000000000000000199e+30 0 0 0 0 0 0 0 0 0 0 0 0 0 0 0 0 0 0 0 0 0 0 0 0 0 0 0 0 0 0 0 
1386.2325027671315638 1376.1316669803948116 0.0044901562365765451679 0.0092553286381230458896 0.46118265814057851637 0.031191618580063147637 0.57650070777914719233 0.014447253909699623101 2.0979244237099989867 0.28511688529062545472 0.73725207295349826087 8.9338483402661762224e-07 0.88450089113138419261 0.00041563859906930790758 0.10810557922816872722 0.0012011554198600692123 0.30061684282447731498 0.75314807297600305791 0.76797555539958839432 0.56974632361927735058 0.14361425813227277071 0.00013790878912816362007 3.2473614744806407195 0.99728030216829866017 -0.050308869414079526727 -1.714433046086826451 -1.2514131231642826592 -0.94587082940069189263 -0.52521606671875609162 0.3028402438903331495 -0.3068084844918788634 0.70273851136038978371 0.5 
-1.0000000000000000199e+30 -1.0000000000000000199e+30 0 0 0 0 0 0 0 0 0 0 0 0 0 0 0 0 0 0 0 0 0 0 0 0 0 0 0 0 0 0 0 
-1.0000000000000000199e+30 -1.0000000000000000199e+30 0 0 0 0 0 0 0 0 0 0 0 0 0 0 0 0 0 0 0 0 0 0 0 0 0 0 0 0 0 0 0 
-1.0000000000000000199e+30 -1.0000000000000000199e+30 0 0 0 0 0 0 0 0 0 0 0 0 0 0 0 0 0 0 0 0 0 0 0 0 0 0 0 0 0 0 0 
1399.3853036692248679 1386.6095203213585592 0.0045734019291114738973 0.0080051167773964263669 0.86220489968065538999 0.16245758145398289662 0.85402467055664976758 0.094502765289105894464 2.2811993978354876411 0.15880088296108926804 0.99802001207805079996 0.9069317656938225003 0.82434200124510403906 0.00053243367558561025769 0.0025036004025831221434 0.0012264425168144448691 -0.41054935931094421742 0.78870500706902479937 0.072576479909683550007 0.49118871279434622723 0.032843489769164270486 8.0937271781749288001e-05 2.9538847396710306015 0.99728030216829866017 -0.050308869414079526727 -1.714433046086826451 -1.2514131231642826592 -0.94587082940069189263 0.025870475809349795931 -0.029015538017752064148 -0.0088589315147911493892 0.70273851136038978371 0.5 
-1.0000000000000000199e+30 -1.0000000000000000199e+30 0 0 0 0 0 0 0 0 0 0 0 0 0 0 0 0 0 0 0 0 0 0 0 0 0 0 0 0 0 0 0 
1416.2821134699593131 1414.0262202077412894 0.0057870937643407652576 0.0088774974724151241995 0.84980636562556610691 0.029988243047354146142 0.85895202504251089159 0.15965078608849400665 2.7557820665558590001 0.033953074519749659732 0.99971927872652688318 0.93521901610020552464 0.89608659559104519854 0.0011099425279426176211 0.003319582424891267744 0.0012097035886519773296 1.41014145346642783 0.9120444430019948312 0.037133536731465521807 0.36477330801430501994 0.042207341762389383177 0.00015931859465393038056 2.2571505804860936273 0.99728030216829866017 -0.057680245862480501728 -1.714433046086826451 -1.2514131231642826592 -0.94587082940069189263 -0.80901475053526084036 -0.34194453589898443635 0.41748100670100246612 0.92912563126524438939 0.5 
-1.0000000000000000199e+30 -1.0000000000000000199e+30 0 0 0 0 0 0 0 0 0 0 0 0 0 0 0 0 0 0 0 0 0 0 0 0 0 0 0 0 0 0 0 
1578.3677672776475447 1560.3563484121802958 0.0050633124562147321587 0.008386553270009238642 0.71776287373042102491 0.4454309359450941419 0.93892269435705766334 0.048174153840006124494 2.8761945422331343103 0.10376501868591614386 0.97032998507307754998 0.91934537929202231332 0.82433941545011912844 0.00046378492832035295157 0.0019012728486431720865 0.0013926251772045233901 -0.00079829316216879515206 0.9510543784152409863 0.47751663902944047058 0.61294720122300827558 0.00048564106660109430339 0.00019108527118790740742 3.9970324740639466832 0.99728030216829866017 -0.0049550170822100737464 -1.714433046086826451 -1.2514131231642826592 -0.94587082940069189263 0.0025808163239275645588 -0.0030963869738733639132 -0.00063510014061795888769 0.58743176476822989152 0.5 
-1.0000000000000000199e+30 -1.0000000000000000199e+30 0 0 0 0 0 0 0 0 0 0 0 0 0 0 0 0 0 0 0 0 0 0 0 0 0 0 0 0 0 0 0 
1468.1955368026942779 1452.8456437280217415 0.0055470076440178803234 0.010786296574856208547 0.75848281769818581832 0.24681053579292658307 0.76945158827406601176 0.017838667525680952652 2.9582330134319225756 0.42375163437948165646 0.93973536927390821649 0.67068389887130974714 0.81008336840583272664 0.00020286321137616387207 0.0075221431952957927905 0.0012825015011819424285 -0.030165810050005271992 0.00071617777944082972041 0.8292268126552937435 0.62159026261948313596 0.00072598875930559919264 0.016928489499987483397 4.2578044415267211065 0.99728030216829866017 -0.0049550170822100737464 -1.714433046086826451 -1.2514131231642826592 -0.94587082940069189263 0.0086842896572966038482 0.0062034547650150493117 0.0011316449472716682331 0.58743176476822989152 0.5 
-1.0000000000000000199e+30 -1.0000000000000000199e+30 0 0 0 0 0 0 0 0 0 0 0 0 0 0 0 0 0 0 0 0 0 0 0 0 0 0 0 0 0 0 0 
1459.6526546426052846 1449.0092230316843143 0.0040556844117048719556 0.0084994449014239477347 0.86193369471951009064 0.18947978564941433954 0.73915814996103601509 0.12581324685914377359 2.1307431642811502925 0.12757766069340981119 0.9960737498086231767 0.88913193303903748088 0.81342192474943852964 0.0013912134462959039639 0.0026916984921461634128 0.0012319122740442555418 -0.2652430188238031894 0.51587536088546404045 0.92433959378111707483 0.66738271704926233063 0.06117065304560266592 9.5063558792173930879e-05 2.9780938972782466934 0.99728030216829866017 -0.0049867057073803983114 -1.714433046086826451 -1.2514131231642826592 -0.94587082940069189263 0.011651263201015940249 -0.00031656464294070070639 -0.00027512092644682215308 0.58743236946019428135 0.5 
-1.0000000000000000199e+30 -1.0000000000000000199e+30 0 0 0 0 0 0 0 0 0 0 0 0 0 0 0 0 0 0 0 0 0 0 0 0 0 0 0 0 0 0 0 
-19420.163230225243751 -19435.342303732239088 0.0058675143029540775125 0.0080104069784283638 0.27484577707946300507 0.22050731140188872814 0.81924549792893230915 0.050988288130611181259 3.3145804667845366609 0.87888134969398379326 0.78026219797320661709 0.77717447322793309361 0.29186473996378481388 0.0024564252700656650716 0.0098022769857197995791 0.00057196131674572823263 -0.013099980511196200605 0.029352961687135695895 0.50192033820276282796 0.784647752151169664 0.00066912309758874273426 0.011834746947799217737 5.5742765960219298194 0.99728030216829866017 -0.0049867057073803983114 -1.714433046086826451 -1.2514131231642826592 -0.94587082940069189263 0.00095359459226857586252 -0.014174079649323408428 0.0024714389522589841862 0.58743236946019428135 0.5 
-1.0000000000000000199e+30 -1.0000000000000000199e+30 0 0 0 0 0 0 0 0 0 0 0 0 0 0 0 0 0 0 0 0 0 0 0 0 0 0 0 0 0 0 0 
1427.5112105711505137 1417.9891712780499802 0.0051971052176047723495 0.0090510439917879069449 0.87446275586578647854 0.1612463955331407961 0.76486893255962185023 0.10124046255213574319 2.3373528889755057492 0.18519163501838561969 0.99939955236134125904 0.90357147644044544244 0.81923897631411679576 0.00061558791242574239632 0.0032566969078841887311 0.0012287495788523492002 -0.26788464992210003768 0.46892155883442904196 0.9927077409956792664 0.62411542165475308863 8.1994210402275681613e-05 0.0052283460288563192789 3.5804132098267671402 0.99728030216829866017 -0.0049866977312473638809 -1.714433046086826451 -1.2514131231642826592 -0.94587082940069189263 -0.16453567195974624915 2.5519024474131022373 -0.016610852634058429628 0.58743231732199407968 0.5 
-1.0000000000000000199e+30 -1.0000000000000000199e+30 0 0 0 0 0 0 0 0 0 0 0 0 0 0 0 0 0 0 0 0 0 0 0 0 0 0 0 0 0 0 0 
1489.0186857998724008 1476.6611014674715534 0.0046052788349299515411 0.0083361304107602250679 0.73525222097996911774 0.072165235224227686217 0.96813996280769687441 0.051257101061013339571 2.3356121799915117165 0.078585823228178947053 0.99774734447007273896 0.88885283564313388727 0.8754447490773265006 0.00038724415820202875548 0.0047062280980055574628 0.0012032404540765326197 -0.050601587449454012158 0.56609929131845149186 0.82056965928241321073 0.74805482597927019928 0.0017067681389277547174 0.00016754461864114308109 2.4061474818934338593 0.99728030216829866017 0.011251781750862001677 -1.714433046086826451 -1.2514131231642826592 -0.94587082940069189263 0.82510263294813257495 0.22838456526513872813 -0.059679300702520129973 0.75155988418275621044 0.5 
-1.0000000000000000199e+30 -1.0000000000000000199e+30 0 0 0 0 0 0 0 0 0 0 0 0 0 0 0 0 0 0 0 0 0 0 0 0 0 0 0 0 0 0 0 
1571.1395827009437198 1551.2298756978475467 0.0056438103579413293268 0.0106195111057679481 0.86904250581812192422 0.27474837337567159512 0.77974211989780928267 0.029571387886070461121 2.427236335888102392 0.15106132059997889883 0.95325576941059708691 0.92790967159788229068 0.83011256367263253075 0.00027899244666341940085 0.0027369529873651266862 0.0012357722278257599925 -0.012501543641753936828 0.76080418086728784921 0.023755936129613085955 0.71895854994470143051 0.00084290988423375314258 0.00027552505181216430238 4.8591776342026333779 0.99728030216829866017 -0.0013754275235912381044 -1.714433046086826451 -1.2514131231642826592 -0.94587082940069189263 -0.0020084191860403059933 -0.0043962043602230908498 -0.00055175201254987745001 0.74382723560255414874 0.5 
-1.0000000000000000199e+30 -1.0000000000000000199e+30 0 0 0 0 0 0 0 0 0 0 0 0 0 0 0 0 0 0 0 0 0 0 0 0 0 0 0 0 0 0 0 
-29645.923583582065476 -29656.487972968403483 0.0050304770282768532935 0.0088326110267695646244 0.94393971344441751636 0.24751477558744355845 0.72669288668267029152 0.16129605479916728217 2.6727138755431956163 0.2084411242466416847 0.99761757827818420274 0.9119185493705893597 0.80909962285155467843 0.00091396352048186036039 0.0022635285073238447205 0.0012885464161007595396 1.0116808706598321432 0.30601822421886026859 0.64559297915548086166 0.49475136399269104004 0.0078532260376960039139 0.0032952806167304516879 2.3688378561055287719 0.99728030216829866017 -0.0013754275235912381044 -1.714433046086826451 -1.2514131231642826592 -0.94587082940069189263 0.3880232671779623721 -0.69016532242862482782 -0.54608336873248175536 0.74382723560255414874 0.5 
-1.0000000000000000199e+30 -1.0000000000000000199e+30 0 0 0 0 0 0 0 0 0 0 0 0 0 0 0 0 0 0 0 0 0 0 0 0 0 0 0 0 0 0 0 
-1.0000000000000000199e+30 -1.0000000000000000199e+30 0 0 0 0 0 0 0 0 0 0 0 0 0 0 0 0 0 0 0 0 0 0 0 0 0 0 0 0 0 0 0 
-1.0000000000000000199e+30 -1.0000000000000000199e+30 0 0 0 0 0 0 0 0 0 0 0 0 0 0 0 0 0 0 0 0 0 0 0 0 0 0 0 0 0 0 0 
1479.6847929491111699 1470.4705502242968578 0.0053170000196062303793 0.007207175389085557736 0.72765510210431616489 0.24621485745105720078 0.96312858423620750781 0.038912554994274137221 3.6541130849104375145 0.061910881370207684893 0.9917226009056310243 0.96754604296678070607 0.92121155915955210691 0.00038733935695804965231 0.0016945274237963564405 0.0012043743970537826738 -0.018850032017601180134 0.045205468511983426527 0.21049660046784654521 0.46729517636042516848 0.0052985376244631971626 0.0003631329901326287783 2.6543938684695751462 0.99728030216829866017 0.0064526556529195715564 -1.714433046086826451 -1.2514131231642826592 -0.94587082940069189263 -0.31093000798107228722 -0.65934702535304123838 -0.014562313709658106925 0.79147528857853455264 0.5 
-1.0000000000000000199e+30 -1.0000000000000000199e+30 0 0 0 0 0 0 0 0 0 0 0 0 0 0 0 0 0 0 0 0 0 0 0 0 0 0 0 0 0 0 0 
1309.1597180830960951 1300.5078786909057271 0.0042182520904591666588 0.01033125556454787819 0.95255870519309948641 0.6626284676313665134 0.014090172517667490237 0.0079067008899609859951 3.1258792017105725414 0.81744955493381243894 0.91144160696698184321 0.94923893206281451107 0.69226549084406630019 0.0023900779305254748162 0.0055252010748859069211 0.0054091561304112070405 -1.2870975447754426924 0.30411305490942752705 0.33372175924839503347 0.39565329473190929965 0.0018538214951626351412 0.00011492788935774241824 4.4648314757318914303 0.99728030216829866017 0.0064527154668095948117 -1.714433046086826451 -1.2514131231642826592 -0.94587082940069189263 1.3466993279116519222 0.3605269049970802886 -0.091368362142312406493 0.79147470820493570631 0.5 
-1.0000000000000000199e+30 -1.0000000000000000199e+30 0 0 0 0 0 0 0 0 0 0 0 0 0 0 0 0 0 0 0 0 0 0 0 0 0 0 0 0 0 0 0 
-1.0000000000000000199e+30 -1.0000000000000000199e+30 0 0 0 0 0 0 0 0 0 0 0 0 0 0 0 0 0 0 0 0 0 0 0 0 0 0 0 0 0 0 0 
-1.0000000000000000199e+30 -1.0000000000000000199e+30 0 0 0 0 0 0 0 0 0 0 0 0 0 0 0 0 0 0 0 0 0 0 0 0 0 0 0 0 0 0 0 
-6863150.6538645392284 -6863154.1161543652415 0.0049345821479440396887 0.0070594700077832384447 0.79352131248912038952 0.055620039063517631717 0.64656734647367053448 0.087681535364911425412 3.7346946536355889457 0.33629267933714446226 0.99796695319999850771 0.83689969726453627974 0.88045981235575088153 0.00056348987033261969254 0.010090137289709189689 0.0012591532142346858157 0.29887620302009171303 0.48532554414123296738 0.68597110267728567123 0.0056223310530185699463 0.00053737421054393056524 0.0072304608556441963066 1.2389928960474207997 0.99728030216829866017 0.0064527154668095948117 -1.714433046086826451 -1.2514131231642826592 -0.94587082940069189263 0.97645100089962411083 -0.68707406295204920266 2.0744576186579508636 0.79147470820493570631 0.5 
-1.0000000000000000199e+30 -1.0000000000000000199e+30 0 0 0 0 0 0 0 0 0 0 0 0 0 0 0 0 0 0 0 0 0 0 0 0 0 0 0 0 0 0 0 
-341181.97314849181566 -341172.63110124698142 0.0047374085753901446286 0.008831546112661780093 0.90453295612522044422 0.98153892199946468633 0.96742733632044408676 0.93908141176454196231 4.4058298949168595016 0.017775177971114643205 0.99262722392069779875 0.95457279100200176369 5.7876201148004827526e-06 0.0050484027343404474023 0.001232411106147453337 0.069700461607624081273 -2.2817996411295831116 0.26536299637518823147 0.58793563535436987877 0.57744541042484343052 0.0063522904110141099193 0.0002817199402488767949 2.3864974374882876873 0.99728030216829866017 0.0064527154668095948117 -1.714433046086826451 -1.2514131231642826592 -0.94587082940069189263 0.97810366420608496618 -0.36030067085246808567 -0.2973981211198780672 0.79147470820493570631 0.5 
-1.0000000000000000199e+30 -1.0000000000000000199e+30 0 0 0 0 0 0 0 0 0 0 0 0 0 0 0 0 0 0 0 0 0 0 0 0 0 0 0 0 0 0 0 
1515.7434494165065644 1505.1936814217481242 0.0038395444668370328628 0.0064731557049254448075 0.65597681897880055768 0.03448953519458468342 0.10377495496303476563 0.086378140557642951736 3.290670865073186846 0.82911320808340849275 0.93570739404513048054 0.89731339780012886465 0.96570703559923376513 0.0019101366476260333085 0.016600672621980956667 0.0012916455850868883461 -0.020705372761387126623 0.21972221079842263469 0.00056759073239729123002 0.59717074956108628925 0.0070517926288994857431 0.00010454530919682471527 3.3394683999767247329 0.99728030216829866017 0.00030968122313181794571 -1.714433046086826451 -1.2514131231642826592 -0.94587082940069189263 -0.0037061059602984899354 0.0001666030370998856946 -0.00033591517484614689081 0.73977095267261194778 0.5 
-1.0000000000000000199e+30 -1.0000000000000000199e+30 0 0 0 0 0 0 0 0 0 0 0 0 0 0 0 0 0 0 0 0 0 0 0 0 0 0 0 0 0 0 0 
-1.0000000000000000199e+30 -1.0000000000000000199e+30 0 0 0 0 0 0 0 0 0 0 0 0 0 0 0 0 0 0 0 0 0 0 0 0 0 0 0 0 0 0 0 
-1.0000000000000000199e+30 -1.0000000000000000199e+30 0 0 0 0 0 0 0 0 0 0 0 0 0 0 0 0 0 0 0 0 0 0 0 0 0 0 0 0 0 0 0 
663.5949419401592877 688.04559122292903339 0.0016394731892051899423 0.0062301870058667791624 0.9876737559093023977 0.00063510249567035634115 0.00045726738230703344078 0.70071457121380864574 2.5225155603324966869 0.66405147807295605844 0.83715878268017029917 0.34255786566645507474 0.91862809589395211241 0.0042147475005002363324 11.494516773782500252 0.0012804493728316654073 0.61394936110663267392 0.79703008454818158324 0.96646717212489718918 0.53523139647187312207 4.2927153672559503761 9.401758883668204171e-05 1.8865196320588668577 0.99728030216829866017 0.00030968307116487265619 -1.714433046086826451 -1.2514131231642826592 -0.94587082940069189263 1.1315645068390212113 0.10011137824920929296 -1.8994547127091412353 0.7397708586521062335 0.5 
-1.0000000000000000199e+30 -1.0000000000000000199e+30 0 0 0 0 0 0 0 0 0 0 0 0 0 0 0 0 0 0 0 0 0 0 0 0 0 0 0 0 0 0 0 
-1.0000000000000000199e+30 -1.0000000000000000199e+30 0 0 0 0 0 0 0 0 0 0 0 0 0 0 0 0 0 0 0 0 0 0 0 0 0 0 0 0 0 0 0 
-1.0000000000000000199e+30 -1.0000000000000000199e+30 0 0 0 0 0 0 0 0 0 0 0 0 0 0 0 0 0 0 0 0 0 0 0 0 0 0 0 0 0 0 0 
-1.0000000000000000199e+30 -1.0000000000000000199e+30 0 0 0 0 0 0 0 0 0 0 0 0 0 0 0 0 0 0 0 0 0 0 0 0 0 0 0 0 0 0 0 
-1.0000000000000000199e+30 -1.0000000000000000199e+30 0 0 0 0 0 0 0 0 0 0 0 0 0 0 0 0 0 0 0 0 0 0 0 0 0 0 0 0 0 0 0 
-1.0000000000000000199e+30 -1.0000000000000000199e+30 0 0 0 0 0 0 0 0 0 0 0 0 0 0 0 0 0 0 0 0 0 0 0 0 0 0 0 0 0 0 0 
-1.0000000000000000199e+30 -1.0000000000000000199e+30 0 0 0 0 0 0 0 0 0 0 0 0 0 0 0 0 0 0 0 0 0 0 0 0 0 0 0 0 0 0 0 
1137.7754652102739783 1126.6240018584703648 0.0043811220941369528881 0.0081675179503315573776 0.59246439336282896715 0.52731613985830549929 0.17285333062925994918 0.82295214553335649388 1.5492959695940016207 0.41500271312208197871 0.66999337740658437834 0.77771348158814102014 0.40529226331661200033 0.011791574521103846684 0.0054542477245075474471 0.016602710062244729894 -0.69119289437931308306 0.21542175445822919766 0.25604399851510956099 0.62168863339435653792 0.00016606669928155755062 0.24763994050910920208 3.6099880346986927826 0.99728030216829866017 0.00032554102698167377769 -1.714433046086826451 -1.2514131231642826592 -0.94587082940069189263 -0.050418332335180275627 0.29700679632277976472 0.0051793833678244862243 0.73975689341493344742 0.5 
-1.0000000000000000199e+30 -1.0000000000000000199e+30 0 0 0 0 0 0 0 0 0 0 0 0 0 0 0 0 0 0 0 0 0 0 0 0 0 0 0 0 0 0 0 
1390.0936717759227577 1389.096890335263879 0.0051534795103628516788 0.007761511581759594075 0.8762429231341619662 0.17536631712853040233 0.8799599143384237987 0.11794643828561052201 3.3587080687972421522 0.10440159688117661707 0.99799881854877769971 0.91314182284983935745 0.88395539709111592419 0.00088295082518396279456 0.0025230366048553934041 0.0012708672772636124201 1.5520578807045439795 0.67128840227079056291 0.31623791996844224927 0.83844554953805905395 0.3532259598705205228 0.013520573186759919301 3.2638625959205707083 0.99728030216829866017 0.0047636896082723706111 -1.714433046086826451 -1.2514131231642826592 -0.94587082940069189263 1.0287432802336866633 0.89296320954856200913 0.017468828193392682557 0.76970581238603896779 0.5 
-1.0000000000000000199e+30 -1.0000000000000000199e+30 0 0 0 0 0 0 0 0 0 0 0 0 0 0 0 0 0 0 0 0 0 0 0 0 0 0 0 0 0 0 0 
-186087.14888149121543 -186094.76458478198037 0.0058931993163767477234 0.013171503989817298641 0.36403282757088228916 0.43900592628901269343 0.89889813840401422418 0.17892013033643472397 2.4765523921598844304 0.70174618612324701772 0.64553322925808709343 0.64939392068817469728 0.72870475822206870475 0.0024048198949201573908 0.0094620061539893267344 0.0033216818064980961102 1.1767579985314493562 0.22963748406618833542 0.1027400412131100893 0.98873538640327751637 0.0054271045187488202444 0.0052296486985869703248 1.3690428906120359898 0.99728030216829866017 0.0047636896082723706111 -1.714433046086826451 -1.2514131231642826592 -0.94587082940069189263 -0.80460892713522202957 0.24241584243084499106 0.29564952576757574931 0.76970581238603896779 0.5 
-1.0000000000000000199e+30 -1.0000000000000000199e+30 0 0 0 0 0 0 0 0 0 0 0 0 0 0 0 0 0 0 0 0 0 0 0 0 0 0 0 0 0 0 0 
-37936.441169263664051 -37945.233741808908235 0.0055451314724875013992 0.0092526137035802251407 0.80464504383546553434 0.16005671756204750689 0.65196841800835636516 0.13608887668522087755 3.419507352776960829 0.25539959111209220577 0.9955991420507409595 0.84832915714219447878 0.88934537291756743382 0.00083717579670373619329 0.0037400689799834997695 0.0011811776900367129337 -0.36189603816068222075 0.18392610782757401466 0.33426247094757854939 0.5071825066115707159 0.0016147130844183265382 0.002510030264966189948 1.4543560660677030683 0.99728030216829866017 0.0047636896082723706111 -1.714433046086826451 -1.2514131231642826592 -0.94587082940069189263 0.99639208820936830957 -0.8762884507884478591 -0.16738508233688528803 0.76970581238603896779 0.5 
-1.0000000000000000199e+30 -1.0000000000000000199e+30 0 0 0 0 0 0 0 0 0 0 0 0 0 0 0 0 0 0 0 0 0 0 0 0 0 0 0 0 0 0 0 
-402.26866934342257309 -414.84387198011052078 0.0048834632024539184267 0.0094075907842550345744 0.95027107118673836972 0.64307631715368895886 0.8735828454128845566 0.10982734737799142166 2.7773958922526156279 0.35658297538224137391 0.95395450831849681883 0.87620034691364201418 0.78192263871481715309 0.00052298495960053324998 0.0022848090626672512213 0.0013613539562097487935 0.20851993222189343924 0.81733080558478832245 0.81782773951999843121 0.5126809440553188324 0.00024411928141489624001 0.0065827624499797824167 1.4420853579649701715 0.99728030216829866017 0.0047636896082723706111 -1.714433046086826451 -1.2514131231642826592 -0.94587082940069189263 -0.6458800936152033767 0.25425567855090724922 1.5636009160323152134 0.76970581238603896779 0.5 
-1.0000000000000000199e+30 -1.0000000000000000199e+30 0 0 0 0 0 0 0 0 0 0 0 0 0 0 0 0 0 0 0 0 0 0 0 0 0 0 0 0 0 0 0 
1413.7038312632523684 1430.3747693251939381 0.0063214312597927330845 0.013449495701302298031 0.42604611169877465437 0.010924006691689979592 0.94966544029145805172 0.00026965956628826676838 1.493712701932409459 0.37095342245686041549 0.70677171879525668707 0.51634310029413676979 0.92881384097959673873 0.00042004233972502575409 0.15252217848962887348 0.0011203044204316590232 0.91276803477600643166 0.73134812101103618964 0.64640027058759830236 0.29336936235941529771 1.622344292915391506 0.43435945875388670689 1.8131804122181400807 0.99728030216829866017 0.0054781608100403431094 -1.714433046086826451 -1.2514131231642826592 -0.94587082940069189263 -0.26488466118185455267 -1.4721144388616120846 -0.059913862940887387121 0.77562243708069933401 0.5 
-1.0000000000000000199e+30 -1.0000000000000000199e+30 0 0 0 0 0 0 0 0 0 0 0 0 0 0 0 0 0 0 0 0 0 0 0 0 0 0 0 0 0 0 0 
1155.6674916205838599 1150.8137273562792871 0.0063259614534076288872 0.0097260585837869017317 0.68373036574315027014 0.20799382201717592222 0.39814740813768917382 0.56696804181435411785 2.3603230840223323739 0.91644516185002233843 0.82729037744377653674 0.77690439952776857435 0.92145130289668997214 0.003120244791882446217 0.0076777294248848116862 0.0031085854323146724226 -0.315036296913772218 0.18346774879422927951 0.5001118683477568938 0.11459055533241921387 6.2685532029718160087e-05 1.6304422601724024577 1.782201926041330653 0.99728030216829866017 0.0054770798643546531048 -1.714433046086826451 -1.2514131231642826592 -0.94587082940069189263 -1.555612859017599714 -0.34148572611116989606 0.45958360444866369621 0.77562714145812516886 0.5 
-1.0000000000000000199e+30 -1.0000000000000000199e+30 0 0 0 0 0 0 0 0 0 0 0 0 0 0 0 0 0 0 0 0 0 0 0 0 0 0 0 0 0 0 0 
1400.9729037551503552 1396.3262923040404075 0.0048606236094145185284 0.008171606161529046744 0.87259976688949181245 0.11469008002569100468 0.88866099927646147183 0.11791935888433337232 2.6634198962755508688 0.16546738807268404625 0.99896192519095350359 0.97172944813044193069 0.84164115194707567191 0.000767402326200208049 0.0019880318330606485885 0.0012383880762548099639 -0.58765087768815937874 0.87841992559388160089 0.017175737320668713753 0.5380348820538055632 0.049264746178372051388 8.7657068276751078746e-05 1.9122559461440444828 0.99728030216829866017 0.0054770749765637857451 -1.714433046086826451 -1.2514131231642826592 -0.94587082940069189263 -1.4053141327713594144 0.82925183518646461422 -0.18154479884535895673 0.77562744089352653187 0.5 
-1.0000000000000000199e+30 -1.0000000000000000199e+30 0 0 0 0 0 0 0 0 0 0 0 0 0 0 0 0 0 0 0 0 0 0 0 0 0 0 0 0 0 0 0 
1381.1100065821856333 1386.6851868023734369 0.0048837589058458256291 0.0079929740726384281707 0.8644575134498574398 0.13231995141035091113 0.92798353489261864446 0.1012576240648802306 3.7132531743711436611 0.22796702887054187681 0.99913628671415577465 0.94568869354207962807 0.88484756111154150293 0.00065205067504903624787 0.0029658531422472661152 0.0013558840551944853926 0.45262253827885007285 0.67553797174962348926 0.06310452860921972329 0.8284915252227034177 0.88510654058962745516 0.0041180755615003701922 2.3767188627879485274 0.99728030216829866017 0.0054288832700369509324 -1.714433046086826451 -1.2514131231642826592 -0.94587082940069189263 -0.41688031612746956345 -1.352651152355840658 0.04351321592759350293 0.77590962347156777756 0.5 
-1.0000000000000000199e+30 -1.0000000000000000199e+30 0 0 0 0 0 0 0 0 0 0 0 0 0 0 0 0 0 0 0 0 0 0 0 0 0 0 0 0 0 0 0 
-15743.27999323840595 -15754.730345205562116 0.0051469322499920616698 0.0081034101212269869091 0.94038734608806451298 0.18563384177873731851 0.90191557848603365333 0.14435985559156513935 3.3840720153037953111 0.23355748863858125097 0.99717293286881147907 0.94781180128064679291 0.86255796016551222749 0.00078618278600002251648 0.0021333457163592588375 0.0012855764736051005295 -0.0059671656709042088934 0.076289585669855483618 0.24637475596289343249 0.54536069230245465267 0.00069089283489479763611 0.0066007646166013631342 4.8605555412904495327 0.99728030216829866017 0.0054288832700369509324 -1.714433046086826451 -1.2514131231642826592 -0.94587082940069189263 0.038862932250044925075 0.0035604037742176992444 -0.0075915327452687588264 0.77590962347156777756 0.5 
-1.0000000000000000199e+30 -1.0000000000000000199e+30 0 0 0 0 0 0 0 0 0 0 0 0 0 0 0 0 0 0 0 0 0 0 0 0 0 0 0 0 0 0 0 
1361.7597041727985925 1373.8103570896716974 0.0059669128941770826352 0.010226819646327480959 0.90680047117202100537 0.069391176882509050805 0.96762891718538024399 0.094056813665335761709 3.141040005986631467 0.14296677647069924721 0.99795876337778144372 0.88959411381149189335 0.90010499767321439091 0.00052596757171822279987 0.0051098019569453968086 0.0012312445677892303909 0.049782288934139447278 0.47770319760013629784 0.61931586108905523069 0.32185888049455507742 2.1449590654634103082 1.1471220409085842729 2.409971654998678936 0.99728030216829866017 0.0054288832700369509324 -1.714433046086826451 -1.2514131231642826592 -0.94587082940069189263 -0.97925807480462945254 0.10434383604365944642 -0.42952012652683274618 0.77590962347156777756 0.5 
-1.0000000000000000199e+30 -1.0000000000000000199e+30 0 0 0 0 0 0 0 0 0 0 0 0 0 0 0 0 0 0 0 0 0 0 0 0 0 0 0 0 0 0 0 
-941.55888741727358138 -953.19646796563188218 0.005249636994652705918 0.0085396556261681643568 0.97128960088294746811 0.13946231386550003717 0.88861151083137024376 0.16833804387159098659 2.9768692555656124377 0.12257861794110684606 0.99674419271601211179 0.93508841983794455111 0.85971230775575802063 0.00090055826681949052628 0.0022175622019246139273 0.0012952483884015636613 -0.17563686036928066736 0.029478379625654690249 0.00024851155983122784994 0.58838258210757099498 0.00018128550254839905041 0.027983400723256283277 3.6088301890139562467 0.99728030216829866017 0.0054288832700369509324 -1.714433046086826451 -1.2514131231642826592 -0.94587082940069189263 0.34398989876923768971 1.4044288938944220479 -0.23742198795789332122 0.77590962347156777756 0.5 
-1.0000000000000000199e+30 -1.0000000000000000199e+30 0 0 0 0 0 0 0 0 0 0 0 0 0 0 0 0 0 0 0 0 0 0 0 0 0 0 0 0 0 0 0 
1360.0937091435753246 1354.2416796019574576 0.006047598060237622565 0.0094374171368029804302 0.96740038468826372586 0.93270803189655804299 0.62575193690905306365 0.36006891015830855274 3.751128863727257734 0.13159115227508824675 0.98579949155448409748 0.92848741246598398558 0.82422778933731566386 0.0025914129670084298969 0.0016171821054381447548 0.0020513859958310792439 -0.0080077633827663769611 2.9395774455507010233e-08 0.0015814003699230307423 0.70577950585919990711 0.012771285842744665995 0.014623446237625513031 3.6539435926965251333 0.99728030216829866017 0.0054293029893034755115 -1.714433046086826451 -1.2514131231642826592 -0.94587082940069189263 0.8103003271440486488 1.0950689970463045597 -0.037818495120351361405 0.77592586005730790344 0.5 
-1.0000000000000000199e+30 -1.0000000000000000199e+30 0 0 0 0 0 0 0 0 0 0 0 0 0 0 0 0 0 0 0 0 0 0 0 0 0 0 0 0 0 0 0 
-1.0000000000000000199e+30 -1.0000000000000000199e+30 0 0 0 0 0 0 0 0 0 0 0 0 0 0 0 0 0 0 0 0 0 0 0 0 0 0 0 0 0 0 0 
-1.0000000000000000199e+30 -1.0000000000000000199e+30 0 0 0 0 0 0 0 0 0 0 0 0 0 0 0 0 0 0 0 0 0 0 0 0 0 0 0 0 0 0 0 
-1090835658.5666337013 -1090835642.9988462925 0.0029278431047243054682 0.0045925706897922517757 0.4318081984436974996 0.62150854612199568638 0.72781377614248810026 0.45688469576555656992 4.1814861722966236712 0.32249166631675735273 0.85508113496930460151 0.85015315997821117033 0.18644000779756550457 0.30786323901882961529 347.31353130465384993 0.0062652203119860430669 -0.93444872936215794823 0.092153044441189352343 0.074945502566677771328 0.2687009281607268818 0.0021247552329089502456 0.0037954260616266900438 1.5298853283085613874 0.99728030216829866017 0.0054294501697450415351 -1.714433046086826451 -1.2514131231642826592 -0.94587082940069189263 0.45414311665713652522 -0.9274585180008645402 0.45191497920262330146 0.77605038660176972609 0.5 
-1.0000000000000000199e+30 -1.0000000000000000199e+30 0 0 0 0 0 0 0 0 0 0 0 0 0 0 0 0 0 0 0 0 0 0 0 0 0 0 0 0 0 0 0 
1474.2995683511082916 1472.5620440147692989 0.0054489007821047720156 0.0084104618316297920927 0.78240785106483379252 0.066280970206688036295 0.76778198126700936132 0.12208564609452603189 3.2726546763564980935 0.10417528848010333686 0.99907843341960367312 0.87209847858558775524 0.90374987286215480164 0.00088164152012548940157 0.0050378960954595075269 0.0012165967929188370531 -1.1241162361320389262 0.84411738903862121308 0.99114779320466939172 0.68602160949575019533 0.00017739342675881006718 0.014617813326223465242 3.0494402534235689473 0.99728030216829866017 0.022042731096427965742 -1.714433046086826451 -1.2514131231642826592 -0.94587082940069189263 0.73558548291666203678 0.40976606528875464397 0.022305419231068820268 0.93099135875966498865 0.5 
-1.0000000000000000199e+30 -1.0000000000000000199e+30 0 0 0 0 0 0 0 0 0 0 0 0 0 0 0 0 0 0 0 0 0 0 0 0 0 0 0 0 0 0 0 
1444.526484194537943 1438.7190673046347911 0.0041206153396457518429 0.0075505846054943299636 0.76966560282772555901 0.174355775259782797 0.85754897595663104326 0.077003683833296199257 2.7753390774009125685 0.10700501504460792346 0.99793234082132165064 0.93315844404345260621 0.88113932322651489226 0.00057357522956948299442 0.0021333932321311930951 0.0014339120583543862875 0.21738788113909637834 0.41145092500766128341 0.7500125389877371207 0.28079798257986421373 0.00015135716179037110671 0.032166600272755550838 1.5712231261646194547 0.99728030216829866017 0.034769070762972420496 -1.714433046086826451 -1.2514131231642826592 -0.94587082940069189263 0.17268608112612210403 -0.37030382829997249283 1.7982359136779519915 0.99114077978511372358 0.5 
-1.0000000000000000199e+30 -1.0000000000000000199e+30 0 0 0 0 0 0 0 0 0 0 0 0 0 0 0 0 0 0 0 0 0 0 0 0 0 0 0 0 0 0 0 
-1590.1763911824029947 -1598.6795233953421302 0.0047308877516966984025 0.0086608399768486749037 0.94758942915253630002 0.094797768452220668167 0.82645578547294440419 0.12649843474302521762 2.275102465127680329 0.21811144656422734589 0.99908481647051117225 0.89052063048658136601 0.81511330286679806179 0.00061379372635535754416 0.0036727874357688487968 0.001201800371697663147 0.98012535382851617705 0.26021656193148234859 0.63262888337618106149 0.43698698433693361487 0.00018328208476305009236 0.0040321901347488168718 1.8599529366107192541 0.99728030216829866017 0.034769070762972420496 -1.714433046086826451 -1.2514131231642826592 -0.94587082940069189263 0.36054981367271254911 -1.4813173803880992363 0.46644847857856475137 0.99114077978511372358 0.5 
-1.0000000000000000199e+30 -1.0000000000000000199e+30 0 0 0 0 0 0 0 0 0 0 0 0 0 0 0 0 0 0 0 0 0 0 0 0 0 0 0 0 0 0 0 
57.002705121330123461 52.236304482908280988 0.0042663606787846182142 0.0061148060718118025722 0.92060588946009336286 0.30798027570489022731 0.85884022438485307926 0.10070206644078522062 2.7066560639038366176 0.24012734692708254114 0.99505267869232860711 0.90001812428327543358 0.80615109872766743671 0.00056220537182463366579 0.005912688333394399906 0.00099405165879120640192 0.27343944006471210262 0.92992675141597958 0.21954307591342520078 0.70657336063406206428 0.00037956657812915649058 0.0040514452442117678682 1.2378643328267961987 0.99728030216829866017 0.034769082577086253549 -1.714433046086826451 -1.2514131231642826592 -0.94587082940069189263 -0.66324852951143276059 0.5414141900272871899 0.2783131025410285897 0.99139946815788126955 0.5 
-1.0000000000000000199e+30 -1.0000000000000000199e+30 0 0 0 0 0 0 0 0 0 0 0 0 0 0 0 0 0 0 0 0 0 0 0 0 0 0 0 0 0 0 0 
-1.0000000000000000199e+30 -1.0000000000000000199e+30 0 0 0 0 0 0 0 0 0 0 0 0 0 0 0 0 0 0 0 0 0 0 0 0 0 0 0 0 0 0 0 
