-1.0000000000000000199e+30 -1.0000000000000000199e+30 0 0 0 0 0 0 0 0 0 0 0 0 0 0 0 0 0 0 0 0 0 0 0 0 0 0 0 0 0 0 0 
1408.7563059629167128 1395.7758894837061234 0.0035364732932446031263 0.0054529976590913867285 0.96634565933434179996 0.8615941688787261965 0.51409546977145537117 0.11995529594715501065 2.5753068274652322067 0.16688673581383337008 0.93237075361706744925 0.79921890579073040506 0.56965820279757195532 0.0011156295560163234041 0.0031853433775027107169 0.0021536879436503185252 -0.22928883577798156446 0.0001340167603777518506 0.9821665413223704677 0.53744614396867695927 0.0049022179257590609361 3.2779742228514956257e-05 4.1514645015152158436 0.99728030216829866017 0.00083049431109820056642 -1.714433046086826451 -1.2514131231642826592 -0.94587082940069189263 -0.37996448608644556311 0.25521552264873670346 -0.088163737035723624413 0.63651207030442091828 0.5 
-1.0000000000000000199e+30 -1.0000000000000000199e+30 0 0 0 0 0 0 0 0 0 0 0 0 0 0 0 0 0 0 0 0 0 0 0 0 0 0 0 0 0 0 0 
1436.2171716874690901 1434.7478843087731093 0.0053625103805586453801 0.0089417141658096298273 0.80020237690586804025 0.088958325563099710509 0.95644062091410242399 0.077849203308076833641 3.1410876076262428391 0.2505893958809544686 0.99826746237213803692 0.87641813948589697425 0.87158793030613879171 0.00046130294428480737943 0.004443511827687535512 0.0012263319750891988301 -0.062005577073683253164 0.26323043765061798771 0.21840498468656344144 0.50446234892883212719 0.023700601021416772829 0.0064573078283352257356 3.6621280209250093307 0.99728030216829866017 0.00083049431109820056642 -1.714433046086826451 -1.2514131231642826592 -0.94587082940069189263 -1.8049408450377277813 -1.2856132723504805071 -0.040313172375463404706 0.63651207030442091828 0.5 
-1.0000000000000000199e+30 -1.0000000000000000199e+30 0 0 0 0 0 0 0 0 0 0 0 0 0 0 0 0 0 0 0 0 0 0 0 0 0 0 0 0 0 0 0 
-1.0000000000000000199e+30 -1.0000000000000000199e+30 0 0 0 0 0 0 0 0 0 0 0 0 0 0 0 0 0 0 0 0 0 0 0 0 0 0 0 0 0 0 0 
-1.0000000000000000199e+30 -1.0000000000000000199e+30 0 0 0 0 0 0 0 0 0 0 0 0 0 0 0 0 0 0 0 0 0 0 0 0 0 0 0 0 0 0 0 
-1.0000000000000000199e+30 -1.0000000000000000199e+30 0 0 0 0 0 0 0 0 0 0 0 0 0 0 0 0 0 0 0 0 0 0 0 0 0 0 0 0 0 0 0 
-1.0000000000000000199e+30 -1.0000000000000000199e+30 0 0 0 0 0 0 0 0 0 0 0 0 0 0 0 0 0 0 0 0 0 0 0 0 0 0 0 0 0 0 0 
-1.0000000000000000199e+30 -1.0000000000000000199e+30 0 0 0 0 0 0 0 0 0 0 0 0 0 0 0 0 0 0 0 0 0 0 0 0 0 0 0 0 0 0 0 
-1.0000000000000000199e+30 -1.0000000000000000199e+30 0 0 0 0 0 0 0 0 0 0 0 0 0 0 0 0 0 0 0 0 0 0 0 0 0 0 0 0 0 0 0 
-1.0000000000000000199e+30 -1.0000000000000000199e+30 0 0 0 0 0 0 0 0 0 0 0 0 0 0 0 0 0 0 0 0 0 0 0 0 0 0 0 0 0 0 0 
-1.0000000000000000199e+30 -1.0000000000000000199e+30 0 0 0 0 0 0 0 0 0 0 0 0 0 0 0 0 0 0 0 0 0 0 0 0 0 0 0 0 0 0 0 
1381.9416017630228453 1371.4239070418423125 0.0048098902341210010569 0.0092014626304955972336 0.67033595281183189218 0.066866881449556506145 0.89296997754552065452 0.09934211801459298663 1.8196173727980540225 0.25504258303342086656 0.98569491688742061353 0.30996270726983660149 0.78874928843207403606 0.00035585585320338411052 0.034773129964159217586 0.0011746063736352268386 -0.25010931040817219184 2.9049770653048821549e-08 0.99296739169251180268 0.79432703073686927731 9.7535391658360197017e-05 0.029070751508224284415 4.184784570687088312 0.99728030216829866017 0.00083049431109820056642 -1.714433046086826451 -1.2514131231642826592 -0.94587082940069189263 0.011356943217171190305 0.45574827487417146621 -0.061116202285791676463 0.63651207030442091828 0.5 
-1.0000000000000000199e+30 -1.0000000000000000199e+30 0 0 0 0 0 0 0 0 0 0 0 0 0 0 0 0 0 0 0 0 0 0 0 0 0 0 0 0 0 0 0 
1558.8434559526251633 1551.8376153080680524 0.0079827905068362691593 0.014818725181506139585 0.11998130046105363877 0.2696958529549667305 0.73862343258347518127 0.00056354943781484361821 1.4507556938373173949 0.20712571076182292873 0.8100274077655397198 0.69529263400609142565 0.79603912557239742132 0.00024785241007423385864 0.014956281697471622213 0.0011774643814953596362 0.016062458284747220538 0.91719771386872195329 0.13120270901635464056 0.671815525798550639 0.0035432904639176180175 0.0084271436574490862781 5.2575761545952728326 0.99728030216829866017 0.0050090684975537327905 -1.714433046086826451 -1.2514131231642826592 -0.94587082940069189263 -0.00063023091360723474796 -0.0068104670745955551633 -0.0016483069979862984087 0.63541117613483666382 0.5 
-1.0000000000000000199e+30 -1.0000000000000000199e+30 0 0 0 0 0 0 0 0 0 0 0 0 0 0 0 0 0 0 0 0 0 0 0 0 0 0 0 0 0 0 0 
1457.3047057101443897 1452.8244366488174819 0.0044314281257645518272 0.0076214004688588904771 0.93127949141209021011 0.09006968745063335946 0.17994375654531555297 0.82823389926386781212 2.3897480079409567644 0.21325813913626739948 0.9984662206488134073 0.86100403268690317571 0.83921379154196418249 0.0053695590922029573858 0.0050788831850356441072 0.001167755929995138546 -0.10599117426546361687 0.7075370272746241973 0.00089650349636053729922 0.52671865058885036781 1.6085406112345155272 0.00012529681859198930623 4.2863748429119770122 0.99728030216829866017 0.0066998241557508463051 -1.714433046086826451 -1.2514131231642826592 -0.94587082940069189263 -0.0031009375242898404995 0.014066925312557663 -0.00012622024190120180909 0.56847094906758166566 0.5 
-1.0000000000000000199e+30 -1.0000000000000000199e+30 0 0 0 0 0 0 0 0 0 0 0 0 0 0 0 0 0 0 0 0 0 0 0 0 0 0 0 0 0 0 0 
-33591.690671355696395 -33604.633137046941556 0.0056367254958769206705 0.011799795097550726253 0.16490475382551986194 0.60684048739670704009 0.90838391395783091298 0.0027654602399016132985 1.7887306527334287942 0.38291138981025274468 0.61732000986310187063 0.83176537494070190704 0.83539177721085511319 0.00057145476908263101619 0.0067933561263727954352 0.0011449891643670123079 0.61002826352196615201 0.18267138372175395489 0.27689537219703197479 0.84704606025479733944 0.0083600287861190728661 0.00012710904469713567386 2.1441990642342716455 0.99728030216829866017 0.0066998241557508463051 -1.714433046086826451 -1.2514131231642826592 -0.94587082940069189263 -0.45102453310194456915 0.40457396629311870306 -1.5711088659105092447 0.56847094906758166566 0.5 
-1.0000000000000000199e+30 -1.0000000000000000199e+30 0 0 0 0 0 0 0 0 0 0 0 0 0 0 0 0 0 0 0 0 0 0 0 0 0 0 0 0 0 0 0 
-1.0000000000000000199e+30 -1.0000000000000000199e+30 0 0 0 0 0 0 0 0 0 0 0 0 0 0 0 0 0 0 0 0 0 0 0 0 0 0 0 0 0 0 0 
-1.0000000000000000199e+30 -1.0000000000000000199e+30 0 0 0 0 0 0 0 0 0 0 0 0 0 0 0 0 0 0 0 0 0 0 0 0 0 0 0 0 0 0 0 
1272.2894602334063165 1279.9292482769028538 0.0021364723375926200286 0.0058724714459844314443 0.96340818829881080809 0.32626295489156464935 0.08570911421848539935 0.65306914149941741599 2.0621882399220656801 0.27371665811566897597 0.9893464394892923508 0.78796402917171082247 0.48427105548920029721 0.0046927915010877719465 0.004280578628236672914 0.0028616359881443020202 -0.14284187392871180999 0.51177692042807065853 0.74259797650635439581 0.6888411199731119261 7.1557650808244947956e-05 27.726389485300821036 1.0463184566986103441 0.99728030216829866017 0.0067004723880331618774 -1.714433046086826451 -1.2514131231642826592 -0.94587082940069189263 -0.58871413537359185142 1.7902923746123586834 -0.10967657546332712504 0.56847256943290747078 0.5 
-1.0000000000000000199e+30 -1.0000000000000000199e+30 0 0 0 0 0 0 0 0 0 0 0 0 0 0 0 0 0 0 0 0 0 0 0 0 0 0 0 0 0 0 0 
-1.0000000000000000199e+30 -1.0000000000000000199e+30 0 0 0 0 0 0 0 0 0 0 0 0 0 0 0 0 0 0 0 0 0 0 0 0 0 0 0 0 0 0 0 
-1.0000000000000000199e+30 -1.0000000000000000199e+30 0 0 0 0 0 0 0 0 0 0 0 0 0 0 0 0 0 0 0 0 0 0 0 0 0 0 0 0 0 0 0 
953.38205289050154079 951.51891007637982511 0.005571516912722051032 0.011619848725396531366 0.55533343719214145473 0.18643797011980320355 0.87696375745035382021 0.00022791023855409109095 1.6272915326753232268 0.99261408920089078123 0.54590627773040101278 0.84292368883679569258 0.95361972858221810689 0.00060888645236801554848 0.0057693477245025466885 0.0011316771918131946547 -0.97770321087040279462 0.0015458364883928310367 0.99919941966380765308 0.65508774169403582999 0.005793479154298832208 0.0003864062953455130742 3.4487540015976350105 0.99728030216829866017 0.0067004723880331618774 -1.714433046086826451 -1.2514131231642826592 -0.94587082940069189263 -0.39421001231959984512 -0.059146929444683672694 0.046451698652055541106 0.56847256943290747078 0.5 
-1.0000000000000000199e+30 -1.0000000000000000199e+30 0 0 0 0 0 0 0 0 0 0 0 0 0 0 0 0 0 0 0 0 0 0 0 0 0 0 0 0 0 0 0 
1359.3998073485920486 1352.2970999661838505 0.0051326806008329074402 0.0086345969107942451698 0.84224604860312934917 0.41406730128421914694 0.91828528270013420887 0.075788872575496074591 3.1710083558888761956 0.27421530313928221823 0.99253803119929540077 0.91223761889148913262 0.83444112906889134074 0.00046382645383453915012 0.0020392525891211430063 0.0013113096063839565879 0.19865350906939560627 0.017483576389312253246 0.58975636549757315397 0.47963579410897078104 0.39278486629603215352 0.00012289657646182038705 2.9054118243021731516 0.99728030216829866017 0.0067004723880331618774 -1.714433046086826451 -1.2514131231642826592 -0.94587082940069189263 3.7290815927151474973 0.94362191626688718404 -0.78076634499837505032 0.56847256943290747078 0.5 
-1.0000000000000000199e+30 -1.0000000000000000199e+30 0 0 0 0 0 0 0 0 0 0 0 0 0 0 0 0 0 0 0 0 0 0 0 0 0 0 0 0 0 0 0 
-1.0000000000000000199e+30 -1.0000000000000000199e+30 0 0 0 0 0 0 0 0 0 0 0 0 0 0 0 0 0 0 0 0 0 0 0 0 0 0 0 0 0 0 0 
-1.0000000000000000199e+30 -1.0000000000000000199e+30 0 0 0 0 0 0 0 0 0 0 0 0 0 0 0 0 0 0 0 0 0 0 0 0 0 0 0 0 0 0 0 
-1.0000000000000000199e+30 -1.0000000000000000199e+30 0 0 0 0 0 0 0 0 0 0 0 0 0 0 0 0 0 0 0 0 0 0 0 0 0 0 0 0 0 0 0 
-1.0000000000000000199e+30 -1.0000000000000000199e+30 0 0 0 0 0 0 0 0 0 0 0 0 0 0 0 0 0 0 0 0 0 0 0 0 0 0 0 0 0 0 0 
-1.0000000000000000199e+30 -1.0000000000000000199e+30 0 0 0 0 0 0 0 0 0 0 0 0 0 0 0 0 0 0 0 0 0 0 0 0 0 0 0 0 0 0 0 
-1.0000000000000000199e+30 -1.0000000000000000199e+30 0 0 0 0 0 0 0 0 0 0 0 0 0 0 0 0 0 0 0 0 0 0 0 0 0 0 0 0 0 0 0 
1423.9613752930533792 1425.0778307482455602 0.0055062977876817699105 0.0091693817009479046398 0.58342868470024655814 0.024014442248979434719 0.89257632094740624318 0.032714709608138700658 2.9704639240556534041 0.26171555836807164352 0.99842189200175601727 0.49371120630155207465 0.92489266183261542587 0.00022732533647361986362 0.062107145346376152473 0.001095112631261453565 -0.046371886185206059872 0.20102958391199776678 0.25050111825562293433 0.30432088980027477421 0.042294237856241152784 0.39068655215892178489 2.6452871798533696968 0.99728030216829866017 0.010027444270527069436 -1.714433046086826451 -1.2514131231642826592 -0.94587082940069189263 0.5795732254325435262 1.7369294799501464599 0.0020059925212438452398 0.6102948448030984796 0.5 
-1.0000000000000000199e+30 -1.0000000000000000199e+30 0 0 0 0 0 0 0 0 0 0 0 0 0 0 0 0 0 0 0 0 0 0 0 0 0 0 0 0 0 0 0 
424.20548415491009564 410.19199321720191165 0.0031264689787930265326 0.0077252092348979624348 0.87612937595379924982 0.72318488399195657301 0.45631313068600592997 0.063671846842047130632 3.8253154679207899136 0.66754722540138045073 0.9440836665666045846 0.76584131686214984569 0.24040418886632436424 0.00022080137667693493925 0.004236885054415277102 0.0079910033265077999587 -0.13117186711463882376 0.31871412456051806394 0.58740615318533406786 0.11094672844810092582 0.0036044727016734143081 4.5536661341869592834e-05 1.8835461746300463659 0.99728030216829866017 0.010027434682490983867 -1.714433046086826451 -1.2514131231642826592 -0.94587082940069189263 0.62824878605156497802 -0.73275128576828685301 1.3743982936536458528 0.61029682816996555506 0.5 
-1.0000000000000000199e+30 -1.0000000000000000199e+30 0 0 0 0 0 0 0 0 0 0 0 0 0 0 0 0 0 0 0 0 0 0 0 0 0 0 0 0 0 0 0 
1520.0509488530624367 1510.446613079020608 0.0063856711545171281411 0.010719412614526102959 0.13850354652416799195 0.66648481454246910616 0.8841415947277309062 0.0013604241203527280522 3.2009702700344355719 0.55599200755810884722 0.70445948570801542044 0.73289538451183733336 0.95829046612057322552 0.00040048538809720033056 0.0063524157719774222361 0.0011213650056408732206 0.13877779810246265724 0.26809508397593617701 0.99333616668998592214 0.6147069383712950863 5.9889320067247399934e-05 0.0069442241359804566386 3.7593903514646851427 0.99728030216829866017 0.010027434682490983867 -1.714433046086826451 -1.2514131231642826592 -0.94587082940069189263 -0.019380973927112271626 0.078679273662771359588 -0.024781601764305709323 0.61029682816996555506 0.5 
-1.0000000000000000199e+30 -1.0000000000000000199e+30 0 0 0 0 0 0 0 0 0 0 0 0 0 0 0 0 0 0 0 0 0 0 0 0 0 0 0 0 0 0 0 
1201.1401765418124796 1193.195037694532175 0.0061978450398472145072 0.011040068595238721263 0.65908551419478911271 0.3191757429077021202 0.97778197421092194475 0.010229290427514929965 3.3560856553551867698 0.61715392253972756187 0.81771369758752954215 0.68695468609514076519 0.94235507598261569751 0.00030482869335438566791 0.0061238923262674407194 0.001212568516626155073 -0.30930804598173472497 0.51524169746778269996 0.24336519731150693668 0.90983177615056320953 0.038042348932156154484 0.00016761323046906803375 2.4517389201510724206 0.99728030216829866017 0.010027434682490983867 -1.714433046086826451 -1.2514131231642826592 -0.94587082940069189263 -1.4088540227095172064 2.0410412834995073084 1.138019070628429219 0.61029682816996555506 0.5 
-1.0000000000000000199e+30 -1.0000000000000000199e+30 0 0 0 0 0 0 0 0 0 0 0 0 0 0 0 0 0 0 0 0 0 0 0 0 0 0 0 0 0 0 0 
-1.0000000000000000199e+30 -1.0000000000000000199e+30 0 0 0 0 0 0 0 0 0 0 0 0 0 0 0 0 0 0 0 0 0 0 0 0 0 0 0 0 0 0 0 
-1.0000000000000000199e+30 -1.0000000000000000199e+30 0 0 0 0 0 0 0 0 0 0 0 0 0 0 0 0 0 0 0 0 0 0 0 0 0 0 0 0 0 0 0 
1426.1467569339263264 1415.9960324340192983 0.0065515522755130997309 0.012290319317115192682 0.094913479249947627081 0.30053615978433451117 0.65450980819721216175 0.00057982561832466746748 2.1156402936633322831 0.34204991741766294089 0.35224259282417819117 0.40159042935523114881 0.91462044740786674346 0.00067695637157116829875 0.016598985416579670193 0.0012565639778861054619 0.070321109772466597332 0.16539984176850200392 0.3821363953714342343 0.74699750892393068646 0.057019133198643573435 0.00016258147213458692699 1.7107879197423372375 0.99728030216829866017 0.026267762596407139009 -1.714433046086826451 -1.2514131231642826592 -0.94587082940069189263 2.5851753747184154086 0.64239633932581619025 0.18207009298578374912 0.60840883589339367354 0.5 
-1.0000000000000000199e+30 -1.0000000000000000199e+30 0 0 0 0 0 0 0 0 0 0 0 0 0 0 0 0 0 0 0 0 0 0 0 0 0 0 0 0 0 0 0 
-1.0000000000000000199e+30 -1.0000000000000000199e+30 0 0 0 0 0 0 0 0 0 0 0 0 0 0 0 0 0 0 0 0 0 0 0 0 0 0 0 0 0 0 0 
-1.0000000000000000199e+30 -1.0000000000000000199e+30 0 0 0 0 0 0 0 0 0 0 0 0 0 0 0 0 0 0 0 0 0 0 0 0 0 0 0 0 0 0 0 
1483.1317500562565783 1474.059701636345153 0.0052513756045803883232 0.0072305469216651903699 0.88605052700608111227 0.31778099164444678637 0.9446338078399760807 0.11890621721697405833 3.5619053212068441105 0.018484941425916945335 0.99394557026076069128 0.94470773273561858829 0.86201778494932879138 0.00088780211442407224939 0.0018446299111985779359 0.0014790948084391060489 -0.0076894403186733815969 0.94743387639670795242 0.15427953598078322783 0.60138857532433553921 0.00059022807432890537702 0.00016066045799316571417 4.6271415862929412555 0.99728030216829866017 0.084639041447402779683 -1.714433046086826451 -1.2514131231642826592 -0.94587082940069189263 -1.2828756821457290016 -0.14795087240566795472 0.15932916101624891581 0.4554145529819455529 0.5 
-1.0000000000000000199e+30 -1.0000000000000000199e+30 0 0 0 0 0 0 0 0 0 0 0 0 0 0 0 0 0 0 0 0 0 0 0 0 0 0 0 0 0 0 0 
1358.5247891972765046 1354.7362381227851529 0.0052648718185970494812 0.0087475325351929981293 0.86941539610269213956 0.075050989415705357533 0.89734045585736443851 0.098064187831811283624 2.8368884380240282361 0.18744282667240858009 0.99881157308733481415 0.88795317729300249354 0.87698645106107586678 0.00055531980649617450427 0.0043653639099239145704 0.0012266767461529830448 1.3688274150166843679 0.49943515346347039374 0.60159016044402768841 0.12945759762966729811 0.31892301580162935037 0.00010733710379501586879 2.2726312186011599081 0.99728030216829866017 0.084639041447402779683 -1.714433046086826451 -1.2514131231642826592 -0.94587082940069189263 -1.6196303180805102784 0.24118910892996364703 -0.69733528378071241161 0.4554145529819455529 0.5 
-1.0000000000000000199e+30 -1.0000000000000000199e+30 0 0 0 0 0 0 0 0 0 0 0 0 0 0 0 0 0 0 0 0 0 0 0 0 0 0 0 0 0 0 0 
-194940.11265407779138 -194944.10285743820714 0.0050543061573340630419 0.0080752527388213268117 0.86361886790912034684 0.1299914249719931747 0.92113702618530879374 0.071982269895302181117 3.0978985854304470493 0.22927712443189710023 0.99821385465431167194 0.95145988196572350848 0.86935946373392924968 0.00042379403377528239091 0.0023126815184215106062 0.0012182350278781529321 1.5609039480118092058 0.56860088254325091839 0.75036288914270699024 0.12497043074108660221 0.0041217878414317966548 0.0069380751880817118082 1.9130361583083868027 0.99728030216829866017 0.084639041447402779683 -1.714433046086826451 -1.2514131231642826592 -0.94587082940069189263 2.1075292100041127519 -2.058813035527051305 1.0993426851009409084 0.4554145529819455529 0.5 
-1.0000000000000000199e+30 -1.0000000000000000199e+30 0 0 0 0 0 0 0 0 0 0 0 0 0 0 0 0 0 0 0 0 0 0 0 0 0 0 0 0 0 0 0 
1399.8469298226671071 1394.5560823909397641 0.0044830390639580214654 0.007198777725134676217 0.93648197740060390437 0.33389151881472955985 0.34029435137323543747 0.76136126564751605006 2.8977740118266432923 0.21387358163363695551 0.99560817219805131106 0.9796440810595242743 0.79958934796437863834 0.0049986746846144257395 0.0016681905688384643469 0.001383829395033799774 -0.78472354949030953541 0.3885514000260832379 0.95675606209265773305 0.54939443725871228708 3.0262254149952137392e-05 0.042661473079826602028 2.798919348685252384 0.99728030216829866017 0.084639140581754687687 -1.714433046086826451 -1.2514131231642826592 -0.94587082940069189263 -0.065575266461540049345 1.0330736655941497038 -0.077731305475411766048 0.45541451112155162395 0.5 
-1.0000000000000000199e+30 -1.0000000000000000199e+30 0 0 0 0 0 0 0 0 0 0 0 0 0 0 0 0 0 0 0 0 0 0 0 0 0 0 0 0 0 0 0 
1457.7461660591206964 1444.340400740381483 0.0040711213984414001271 0.0087266943895045693408 0.74192082350184995754 0.11277255509656958221 0.10103208651001700791 0.0081614990423342689135 1.6480722821412234769 0.2983861509049078875 0.0065824357281713151077 0.8915885039000520651 0.84363006105753068908 0.0012561665303578051656 0.0059663185524851409386 0.0011135902250928139852 -0.25046858730159649031 0.90399040569904509645 0.87435396188992731137 0.54534710286159315817 0.0048425915871661432202 0.00010833904992961897271 2.983116753400408161 0.99728030216829866017 0.084639140581754687687 -1.714433046086826451 -1.2514131231642826592 -0.94587082940069189263 -1.3234858736011676505 0.71525975692448429122 0.60860201409502767689 0.45541451112155162395 0.5 
-1.0000000000000000199e+30 -1.0000000000000000199e+30 0 0 0 0 0 0 0 0 0 0 0 0 0 0 0 0 0 0 0 0 0 0 0 0 0 0 0 0 0 0 0 
-1.0000000000000000199e+30 -1.0000000000000000199e+30 0 0 0 0 0 0 0 0 0 0 0 0 0 0 0 0 0 0 0 0 0 0 0 0 0 0 0 0 0 0 0 
-1.0000000000000000199e+30 -1.0000000000000000199e+30 0 0 0 0 0 0 0 0 0 0 0 0 0 0 0 0 0 0 0 0 0 0 0 0 0 0 0 0 0 0 0 
1388.3167931158191095 1381.5580406156871049 0.0047475423030501904056 0.008117833284931276136 0.86559618297501106365 0.10289381587443884036 0.73770660000155297009 0.13108132222868046357 2.5372092405858266417 0.18034788987701355634 0.9990946200768825447 0.89676987768054206018 0.82705080529887020635 0.00088212184722309260488 0.0034560199660178840195 0.001247841603787743078 -0.73654515421519184404 0.76750577798643693228 0.14295253764512133587 0.67627326887571947989 0.087490300575963853014 3.1575747677737459886e-05 2.7077767906558216637 0.99728030216829866017 0.084639228221829870824 -1.714433046086826451 -1.2514131231642826592 -0.94587082940069189263 0.95857920273335328609 -0.76967910557932928128 0.21301466701672069903 0.45541553741869167382 0.5 
-1.0000000000000000199e+30 -1.0000000000000000199e+30 0 0 0 0 0 0 0 0 0 0 0 0 0 0 0 0 0 0 0 0 0 0 0 0 0 0 0 0 0 0 0 
1548.4029401275558939 1542.3358287070454935 0.0041013999643013413984 0.0032916055925054318355 0.77068641755783107161 0.18449925347687992638 0.94047401849039158339 0.06536098578888681343 3.9372830766367936661 0.2414822435808392509 0.99252572672977978918 0.91091799571476772535 0.90217212404735014353 0.00047375517676608442904 0.0031000468016075173085 0.0012709338432400280657 -0.051106401894738688607 0.12123370739169013477 0.80971473501319091159 0.51555018772771421531 0.00013683164706976820124 0.022834678947107979463 3.7811070000892854637 0.99728030216829866017 -0.00045671547475333230297 -1.714433046086826451 -1.2514131231642826592 -0.94587082940069189263 -0.0069906071817087333739 -0.0033653109795534876317 -0.00064159379706628795297 0.45343709808626059266 0.5 
-1.0000000000000000199e+30 -1.0000000000000000199e+30 0 0 0 0 0 0 0 0 0 0 0 0 0 0 0 0 0 0 0 0 0 0 0 0 0 0 0 0 0 0 0 
1444.2547646836644617 1446.0738876636160057 0.0054771035408746771705 0.0077050197611900654235 0.85029246400974223263 0.0164494250739594082 0.88681678977576838818 0.21714219931943695707 3.7752041541437528771 0.066209814705240108146 0.99944052450413700672 0.95172150874229444195 0.91282783711486492617 0.0014905270672236734138 0.0042402304255331792204 0.0012247438831892380317 -0.34773278234723142832 0.70614818809423440804 0.90847446404811937892 0.6966690665864267995 0.0072047110911035343664 4.7174542865738248857e-05 2.0479237454055585488 0.99728030216829866017 0.017698641616805690924 -1.714433046086826451 -1.2514131231642826592 -0.94587082940069189263 1.2722219222226469615 -1.1525395315220681169 0.63552413380501038276 0.71627006151694405656 0.5 
-1.0000000000000000199e+30 -1.0000000000000000199e+30 0 0 0 0 0 0 0 0 0 0 0 0 0 0 0 0 0 0 0 0 0 0 0 0 0 0 0 0 0 0 0 
-637.32486740346973875 -647.80266867688885668 0.0033873152764849639475 0.010168359873215985709 0.79865001147582970198 0.81810481010441904459 0.91537798031791539621 0.0061768167781432728111 1.8771674050530759992 0.41096228211766550054 0.84483820801366737996 0.79171523345450678377 0.79100917458397146387 0.00025035814514473472272 0.0031960327273983708297 0.0013241325399287772521 1.1438816335593007256 0.16366312443278729916 0.94879037840291857719 0.45484445313923060894 0.0098632181365974243292 0.0098323271842673427845 1.8209238365525379777 0.99728030216829866017 0.017698641616805690924 -1.714433046086826451 -1.2514131231642826592 -0.94587082940069189263 -0.64340271840994511798 0.47615836049362136873 1.4648154276989842071 0.71627006151694405656 0.5 
-1.0000000000000000199e+30 -1.0000000000000000199e+30 0 0 0 0 0 0 0 0 0 0 0 0 0 0 0 0 0 0 0 0 0 0 0 0 0 0 0 0 0 0 0 
1446.3801544674533943 1437.6052398940296371 0.005686108306489203422 0.0097638287573496990168 0.85310344626641798627 0.19799983281183347605 0.84473282271802152543 0.12290719232643750047 3.7700696336670040942 0.30290480678881481769 0.99895277534938298203 0.87774432093650189834 0.86666052421248307436 0.00067300341289159442987 0.0033320395049342499752 0.0013610430394127644334 0.0068843898188053259321 0.18800463491848926068 0.87130144276142129645 0.56418056422505991065 4.9022598285588300099e-05 0.0077930391176463187711 4.9584123791802321435 0.99728030216829866017 0.017696314044518629549 -1.714433046086826451 -1.2514131231642826592 -0.94587082940069189263 0.016490376374835753748 -0.036832827323577892187 0.0016027573744867313482 0.71626998319330670295 0.5 
-1.0000000000000000199e+30 -1.0000000000000000199e+30 0 0 0 0 0 0 0 0 0 0 0 0 0 0 0 0 0 0 0 0 0 0 0 0 0 0 0 0 0 0 0 
-1.0000000000000000199e+30 -1.0000000000000000199e+30 0 0 0 0 0 0 0 0 0 0 0 0 0 0 0 0 0 0 0 0 0 0 0 0 0 0 0 0 0 0 0 
-1.0000000000000000199e+30 -1.0000000000000000199e+30 0 0 0 0 0 0 0 0 0 0 0 0 0 0 0 0 0 0 0 0 0 0 0 0 0 0 0 0 0 0 0 
1481.7515970087085861 1463.6187808512404445 0.0057988971351132477527 0.011273670125354719185 0.62509340117272926829 0.7600180932310234283 0.90858307099082302738 0.0044992697115181778944 1.9489722285697881343 0.34701909999434221721 0.67739489775059369414 0.88757940364290677238 0.80408247187871129125 0.00046665306935619811808 0.0023888416304632467679 0.0013156209922511039653 0.0051547692467354645426 3.9338524398109322881e-10 1.8099481440256304232e-05 0.62280369175191474529 0.0054514244358105775831 0.0033378628886951244685 4.18176845045147072 0.99728030216829866017 0.017696379728278147786 -1.714433046086826451 -1.2514131231642826592 -0.94587082940069189263 0.44728438738442144462 0.70037018422953722929 0.022581138381494676726 0.71626986677641657497 0.5 
-1.0000000000000000199e+30 -1.0000000000000000199e+30 0 0 0 0 0 0 0 0 0 0 0 0 0 0 0 0 0 0 0 0 0 0 0 0 0 0 0 0 0 0 0 
1478.8216551018156224 1470.753189892726823 0.005643112105808741584 0.0092858882001802516698 0.76291291517548465162 0.069748162677456856939 0.88676799046067567023 0.057006620580262026832 2.7523117540215724652 0.071415072969576581796 0.99869635305860293695 0.91343581438108856219 0.89669042641232499236 0.00044343646186729881575 0.0039390986081945965 0.0011966214976590091972 -0.048006085464009147501 0.47873933256911244127 0.15989694240374066614 0.73774220831344206051 0.001873737604008746116 0.00052243993847518978898 3.0871706991075886783 0.99728030216829866017 0.014961973504740050042 -1.714433046086826451 -1.2514131231642826592 -0.94587082940069189263 -1.4470269135798732307 -0.86713925569873140375 0.25200603045710046057 0.9083772969050467605 0.5 
-1.0000000000000000199e+30 -1.0000000000000000199e+30 0 0 0 0 0 0 0 0 0 0 0 0 0 0 0 0 0 0 0 0 0 0 0 0 0 0 0 0 0 0 0 
-1.0000000000000000199e+30 -1.0000000000000000199e+30 0 0 0 0 0 0 0 0 0 0 0 0 0 0 0 0 0 0 0 0 0 0 0 0 0 0 0 0 0 0 0 
-1.0000000000000000199e+30 -1.0000000000000000199e+30 0 0 0 0 0 0 0 0 0 0 0 0 0 0 0 0 0 0 0 0 0 0 0 0 0 0 0 0 0 0 0 
-1.0000000000000000199e+30 -1.0000000000000000199e+30 0 0 0 0 0 0 0 0 0 0 0 0 0 0 0 0 0 0 0 0 0 0 0 0 0 0 0 0 0 0 0 
-1.0000000000000000199e+30 -1.0000000000000000199e+30 0 0 0 0 0 0 0 0 0 0 0 0 0 0 0 0 0 0 0 0 0 0 0 0 0 0 0 0 0 0 0 
1233.2346852252032932 1224.316902777574569 0.0015864138817908910156 0.01030311475637187002 0.63926027882148761528 0.75985729451441397231 0.57285380118473683275 0.61211440550751805567 1.8490724633522483966 0.56917789690027276173 0.88119766645182773246 0.86098160290012337725 0.81795940728586646884 0.0042955933685819768994 0.004048218805509848188 0.0036004357062524097732 2.1609289058978506937 0.24990434858970606014 0.028428300237379036663 0.57944080623953886366 0.00012174937219549208066 0.86510764526303729482 4.7020530187418128065 0.99728030216829866017 -0.012652642162777024901 -1.714433046086826451 -1.2514131231642826592 -0.94587082940069189263 0.020674768534891106719 -0.016395591678544339798 -0.014509158922261318828 0.95948254341104033394 0.5 
-1.0000000000000000199e+30 -1.0000000000000000199e+30 0 0 0 0 0 0 0 0 0 0 0 0 0 0 0 0 0 0 0 0 0 0 0 0 0 0 0 0 0 0 0 
-32215.88651199013475 -32215.403232907061465 0.0051051912276609944658 0.008750421193102889128 0.870856097412749941 0.36029594876970694184 0.85028284284278299321 0.1762498882423165214 2.7992012974031221795 0.16740999403460643524 0.99573496786289350524 0.85378278529587070533 0.79768379928386135003 0.0010360836947286506185 0.0022455625540815445269 0.0013936649147902903639 1.3795037873740993994 0.20207309466786682606 0.12849497352726757526 0.54923605057410895824 0.006168678575195371723 0.0062291649705730374464 1.0219099749810993671 0.99728030216829866017 -0.012652642162777024901 -1.714433046086826451 -1.2514131231642826592 -0.94587082940069189263 0.96835764424315851073 -1.6786519945309275048 -1.3539898848113403051 0.95948254341104033394 0.5 
-1.0000000000000000199e+30 -1.0000000000000000199e+30 0 0 0 0 0 0 0 0 0 0 0 0 0 0 0 0 0 0 0 0 0 0 0 0 0 0 0 0 0 0 0 
1422.1597658840785243 1416.3515392686713312 0.0058837810472809441709 0.011191439668705643884 0.30113137142829032866 0.16140071244944972917 0.99548551892650027906 0.0014643041834336934046 1.8722335439292008274 0.34794366673928872613 0.73496359093587371181 0.34066007218536153989 0.85433305785938884469 0.00038911816669767403977 0.019092371190275046061 0.0011141416934457308748 -0.24877117275069729474 0.71359031265133288091 0.58697905909838854477 0.54053767246002348834 0.24960053094034173604 0.00010462103404613311384 2.7460403335193661611 0.99728030216829866017 -0.012652642162777024901 -1.714433046086826451 -1.2514131231642826592 -0.94587082940069189263 0.63329157953128589753 0.13215524190917524172 -0.1510871863521099645 0.95948254341104033394 0.5 
-1.0000000000000000199e+30 -1.0000000000000000199e+30 0 0 0 0 0 0 0 0 0 0 0 0 0 0 0 0 0 0 0 0 0 0 0 0 0 0 0 0 0 0 0 
692.80698171224275939 681.00454979741846273 0.0032244774211216396288 0.0094000916849273676024 0.20904477357692530237 0.84687073261772150001 0.4981625150134141311 0.64831713124842271778 1.5758631679610808352 0.56088877733592790165 0.76022353251115115658 0.78288675152075948294 0.18116434558536831378 0.0055721316578772979097 0.00714910488807177745 0.0064277919019393881667 0.41114691505744721534 0.57909881216852343577 0.33500793739238032831 0.31840791205494217708 0.061484189004926720346 0.00010050078626474348846 1.6815490223164708539 0.99728030216829866017 -0.012652642162777024901 -1.714433046086826451 -1.2514131231642826592 -0.94587082940069189263 0.85409558901933124719 -0.55801557445535088231 1.0962971222199417998 0.95948254341104033394 0.5 
-1.0000000000000000199e+30 -1.0000000000000000199e+30 0 0 0 0 0 0 0 0 0 0 0 0 0 0 0 0 0 0 0 0 0 0 0 0 0 0 0 0 0 0 0 
-9276.9376634221007407 -9285.3073667347925948 0.0047580511269584404091 0.0082794231866073712128 0.90469498926158320451 0.19245687612471371053 0.7442579588782968214 0.096485067612859701236 2.5771029142391261857 0.21798975634841771809 0.99664627076251988136 0.95450702470124038079 0.82538656578485125603 0.00058425226838704734378 0.0021347218406435521793 0.0012337835298510111716 0.94399135366674957748 0.44935729121789336205 0.098519574152305722237 0.52986160782165825367 0.0033704345277510584095 0.0089653334626927979473 2.0785704097943380475 0.99728030216829866017 -0.012652642162777024901 -1.714433046086826451 -1.2514131231642826592 -0.94587082940069189263 0.43224815524326232197 -1.5667196682721209466 0.45394904511475758779 0.95948254341104033394 0.5 
-1.0000000000000000199e+30 -1.0000000000000000199e+30 0 0 0 0 0 0 0 0 0 0 0 0 0 0 0 0 0 0 0 0 0 0 0 0 0 0 0 0 0 0 0 
1390.2620578222217773 1391.6748463302114942 0.0041016440507461136844 0.0073767779051921974001 0.82689918214509861016 0.15846312191948980219 0.12231104838746809094 0.45722985189099879522 2.3229832129819443232 0.24558228563654058152 0.99674701345301375266 0.88997071661717630509 0.84130906919552006507 0.0037312368445524372873 0.0044982910927010098107 0.0012098474948282591027 -0.40071632266249701537 0.45058696933486475089 0.97360816315773346385 0.50682118806326459381 0.016989198961046742681 0.013332365264808720626 3.0960968728922058091 0.99728030216829866017 -0.01200035693553211727 -1.714433046086826451 -1.2514131231642826592 -0.94587082940069189263 -1.9695878726956961291 -1.1844887104288421842 0.6997795698000275344 0.89406688591785665743 0.5 
-1.0000000000000000199e+30 -1.0000000000000000199e+30 0 0 0 0 0 0 0 0 0 0 0 0 0 0 0 0 0 0 0 0 0 0 0 0 0 0 0 0 0 0 0 
-1.0000000000000000199e+30 -1.0000000000000000199e+30 0 0 0 0 0 0 0 0 0 0 0 0 0 0 0 0 0 0 0 0 0 0 0 0 0 0 0 0 0 0 0 
-1.0000000000000000199e+30 -1.0000000000000000199e+30 0 0 0 0 0 0 0 0 0 0 0 0 0 0 0 0 0 0 0 0 0 0 0 0 0 0 0 0 0 0 0 
1025.4511349899339621 1017.1204964603917915 0.0033882056693460126801 0.005995781682180424503 0.8903615772557201824 0.50402451239861967291 0.61216623712227913323 0.07168193053040701479 2.3323659604255659872 0.31244134651056232332 0.95310865043673287378 0.90849758255653034755 0.78493182247701376308 0.00054070010253863618876 0.0021741840740927042067 0.0012625308558020041216 -0.35723657867233166163 0.83957974798977375031 0.51880221557803452015 0.68201634171418845654 0.00050609139259904622598 0.0097275870922021567128 1.4204619560623541474 0.99728030216829866017 -0.01200035693553211727 -1.714433046086826451 -1.2514131231642826592 -0.94587082940069189263 1.0269272722240376794 -1.6150186402138435593 -0.767103666797856798 0.89406688591785665743 0.5 
-1.0000000000000000199e+30 -1.0000000000000000199e+30 0 0 0 0 0 0 0 0 0 0 0 0 0 0 0 0 0 0 0 0 0 0 0 0 0 0 0 0 0 0 0 
1524.6043412186352271 1519.7911192260362441 0.0054179939876611241806 0.0080744055371260586851 0.77453158272004496432 0.01937655070416038211 0.83150001721149580103 0.058976384340872489709 2.2974512008202019331 0.085603377879183206733 0.9995658545689539709 0.93188172779601619045 0.93800926515522120575 0.00045147301668876541969 0.0060203503572671939609 0.0011405395586620639681 0.67720279806886818363 0.62867294813974772261 0.51449790668892037004 0.58352634108593859352 0.0025605608769108012708 0.00016293098946052776699 3.0895725223031487161 0.99728030216829866017 0.21360936002610803053 -1.714433046086826451 -1.2514131231642826592 -0.94587082940069189263 -0.014073411612594823039 -0.0052301468887818777093 -0.041701373496538060581 0.99954886279054666609 0.5 
