-1.0000000000000000199e+30 -1.0000000000000000199e+30 0 0 0 0 0 0 0 0 0 0 0 0 0 0 0 0 0 0 0 0 0 0 0 0 0 0 0 0 0 0 0 
-1.0000000000000000199e+30 -1.0000000000000000199e+30 0 0 0 0 0 0 0 0 0 0 0 0 0 0 0 0 0 0 0 0 0 0 0 0 0 0 0 0 0 0 0 
-1.0000000000000000199e+30 -1.0000000000000000199e+30 0 0 0 0 0 0 0 0 0 0 0 0 0 0 0 0 0 0 0 0 0 0 0 0 0 0 0 0 0 0 0 
-3154769.9161290242337 -3154775.4464238309301 0.0054889407239935615948 0.01149738557659991077 0.99808198500201761316 0.96449816655088049799 0.95725788508368758745 0.10051149927383498661 2.6412103866935798813 0.39038144600927415784 0.84677059227797324414 0.0030053927522241314675 0.85749790912447765301 0.0005468340753344662613 3.6368007006302680573 4.2894920887493349221e-05 2.1557490223790147787 0.4173286176298340866 0.91265635741449546714 0.080231664275934297392 0.00029713536147028205827 0.0034534331201575697683 2.1904208973924048642 0.99728030216829866017 0.00083014794865608396417 -1.714433046086826451 -1.2514131231642826592 -0.94587082940069189263 0.54178226768449444517 -0.1403642978364152416 0.80458097101891246083 0.63679439513928970396 0.5 
-1.0000000000000000199e+30 -1.0000000000000000199e+30 0 0 0 0 0 0 0 0 0 0 0 0 0 0 0 0 0 0 0 0 0 0 0 0 0 0 0 0 0 0 0 
-6109459.0832137586549 -6109454.6459353864193 0.005389979225657498367 0.0081030857144801116815 0.98391446386888681275 0.065489636934951855896 0.88270921943954039346 0.94402916645962287046 3.6906603139224647414 0.098437279518479886553 0.99946111484287325499 0.9131488769704571018 0.86371718825129784047 0.0049576667793540252216 0.0020717925918431632712 0.0014151455099251945488 1.2765736793505779723 0.66093701752834022045 0.66635584109462797642 0.72524476004764437675 0.0064462980953976511955 0.0095915713580325238918 2.053425684105604887 0.99728030216829866017 0.00083014794865608396417 -1.714433046086826451 -1.2514131231642826592 -0.94587082940069189263 0.095917860895294831947 -0.26154074080793238144 -0.70184199958923632057 0.63679439513928970396 0.5 
-1.0000000000000000199e+30 -1.0000000000000000199e+30 0 0 0 0 0 0 0 0 0 0 0 0 0 0 0 0 0 0 0 0 0 0 0 0 0 0 0 0 0 0 0 
1033.9242961788620505 1043.9037919296542896 0.0049277083316796232645 0.0084327001817027912728 0.97636603901722118781 0.038869908916634436646 0.0067997309937304550517 0.99603142887924500659 2.5794293390919178499 0.28131781234028613303 0.99783368003099470744 0.92702987906492206882 0.89507271354556050547 0.33527354029922706857 0.0091139983608060151643 0.0010894400469395836267 1.6499770447304475951 0.17652187178747899554 0.60379678494735000704 0.57787880007648384506 0.91977750515659451036 0.00011069042485233927548 2.8250441296426855864 0.99728030216829866017 0.017852706004267165918 -1.714433046086826451 -1.2514131231642826592 -0.94587082940069189263 0.39637606086969878749 0.080980637413738329466 -0.069746396582528916164 0.58525938713034808547 0.5 
-1.0000000000000000199e+30 -1.0000000000000000199e+30 0 0 0 0 0 0 0 0 0 0 0 0 0 0 0 0 0 0 0 0 0 0 0 0 0 0 0 0 0 0 0 
-1.0000000000000000199e+30 -1.0000000000000000199e+30 0 0 0 0 0 0 0 0 0 0 0 0 0 0 0 0 0 0 0 0 0 0 0 0 0 0 0 0 0 0 0 
-1.0000000000000000199e+30 -1.0000000000000000199e+30 0 0 0 0 0 0 0 0 0 0 0 0 0 0 0 0 0 0 0 0 0 0 0 0 0 0 0 0 0 0 0 
-1.0000000000000000199e+30 -1.0000000000000000199e+30 0 0 0 0 0 0 0 0 0 0 0 0 0 0 0 0 0 0 0 0 0 0 0 0 0 0 0 0 0 0 0 
-1.0000000000000000199e+30 -1.0000000000000000199e+30 0 0 0 0 0 0 0 0 0 0 0 0 0 0 0 0 0 0 0 0 0 0 0 0 0 0 0 0 0 0 0 
1492.2139921879679605 1484.1095254637643848 0.0046515294205817523179 0.0087499463667891717172 0.89019185449403370747 0.088743468150216386903 0.67280663052469247276 0.17698802348829814624 2.76743657814726296 0.23916198149852505028 0.99902732580833497611 0.881371073424121243 0.79944465723921642741 0.0011856962778104575534 0.0046356858661006691141 0.0013675417932932124824 0.75569531530445399614 0.44507007317622843123 0.98052992306538511169 0.5403466245418350189 0.047022466269468349287 0.00010712546778934423617 3.8988846610006748783 0.99728030216829866017 0.096183022678913432379 -1.714433046086826451 -1.2514131231642826592 -0.94587082940069189263 0.0063907475062129851656 0.079453088817385358889 0.00049234451531615761218 0.81158010707414707241 0.5 
-1.0000000000000000199e+30 -1.0000000000000000199e+30 0 0 0 0 0 0 0 0 0 0 0 0 0 0 0 0 0 0 0 0 0 0 0 0 0 0 0 0 0 0 0 
1347.0717356313230084 1350.6898357760810541 0.0050321311917173429731 0.0088070672101090586442 0.83938554922262476055 0.24643264835043718342 0.85328599800295423794 0.064876507661994514686 2.7813361602823292174 0.19949863701895234613 0.99397359049532540975 0.92034222257842324133 0.84768746109195103333 0.00040259703760081046696 0.0023067956653731762004 0.0014031307942791613683 0.54129623342760047056 0.95500908898753655851 2.4982917762961376436e-09 0.37758295424341575819 0.95379812091896354342 1.1539271881111408113 3.293760305446893355 0.99728030216829866017 0.096181399699421493699 -1.714433046086826451 -1.2514131231642826592 -0.94587082940069189263 0.045683991681747332381 -0.47579113879877676929 0.037929023281508329746 0.81158136237771338894 0.5 
-1.0000000000000000199e+30 -1.0000000000000000199e+30 0 0 0 0 0 0 0 0 0 0 0 0 0 0 0 0 0 0 0 0 0 0 0 0 0 0 0 0 0 0 0 
-1.0000000000000000199e+30 -1.0000000000000000199e+30 0 0 0 0 0 0 0 0 0 0 0 0 0 0 0 0 0 0 0 0 0 0 0 0 0 0 0 0 0 0 0 
-1.0000000000000000199e+30 -1.0000000000000000199e+30 0 0 0 0 0 0 0 0 0 0 0 0 0 0 0 0 0 0 0 0 0 0 0 0 0 0 0 0 0 0 0 
-8611.7829867429027217 -8620.8779514208490582 0.0049595758027253045511 0.0081930198690448700904 0.91850541749035274908 0.14888384075165075893 0.88379958475055431233 0.12144719423133674974 2.6266738877125783702 0.14266055096741916963 0.99833473422463059332 0.91941710927538533582 0.83627031316162492303 0.00068236633014085227005 0.0023938785977229508871 0.0012724625620884515501 -0.32001033381220722607 0.19714439450763165951 0.53509549424052238464 0.89537212997674942017 0.0044534690747968855296 0.0032022452983073890383 2.1724939106497913599 0.99728030216829866017 0.096181399699421493699 -1.714433046086826451 -1.2514131231642826592 -0.94587082940069189263 -0.47782218211957655507 1.3668598850683835177 0.95846231739072818012 0.81158136237771338894 0.5 
-1.0000000000000000199e+30 -1.0000000000000000199e+30 0 0 0 0 0 0 0 0 0 0 0 0 0 0 0 0 0 0 0 0 0 0 0 0 0 0 0 0 0 0 0 
565.12623039084076026 572.09418358642915337 0.0052483813803722943053 0.012595475081684468291 0.12281701415803077115 0.067045833013297556624 0.61827129483279785749 0.92807820233694193757 1.7787984222245247778 0.39059512940113516599 0.87799151145218390369 0.84924554679041419636 0.17113764457473362723 0.013387973989502805275 0.1284613604693105593 0.0048213785705977507678 0.79918793239656205074 0.86244679346122576913 0.076219852547075098159 0.21613232610483293361 0.48436137389197087 0.032455119810022588223 1.6800284425419695911 0.99728030216829866017 0.09617797953760688634 -1.714433046086826451 -1.2514131231642826592 -0.94587082940069189263 0.4091718200704426156 -1.5050483591685934748 0.33569089419369402272 0.81157781084772240288 0.5 
-1.0000000000000000199e+30 -1.0000000000000000199e+30 0 0 0 0 0 0 0 0 0 0 0 0 0 0 0 0 0 0 0 0 0 0 0 0 0 0 0 0 0 0 0 
1431.3948432841193608 1418.8246936243062919 0.0046561693268140089477 0.0079380068742400302501 0.92681203230218778266 0.38443521316369044794 0.91826838693600287833 0.087103127211403286179 2.5309490327360966155 0.16023211619896304825 0.99871713792650707031 0.9240996978481376134 0.83355357695855414324 0.00050984753636382088363 0.0017428792599969633245 0.0012479826796908759755 -0.18070093781708768121 0.71686382813615068255 0.26132287264120490633 0.65432478063477084174 0.026936795612621980411 0.00027851192331279097346 3.3878707603848399188 0.99728030216829866017 0.09617797953760688634 -1.714433046086826451 -1.2514131231642826592 -0.94587082940069189263 0.94894289704481926684 0.25945552132693699976 0.22887165146625093604 0.81157781084772240288 0.5 
-1.0000000000000000199e+30 -1.0000000000000000199e+30 0 0 0 0 0 0 0 0 0 0 0 0 0 0 0 0 0 0 0 0 0 0 0 0 0 0 0 0 0 0 0 
1411.4907250522285267 1395.4487373183051204 0.0043574110657758182222 0.0096697275241358470604 0.36633072056988602583 0.80559389478531484574 0.84819894897176184578 0.004581193623280038589 1.8339084173002890843 0.45454626911069090367 0.83369150230305699711 0.59482982268258355329 0.73021606927778526241 0.00024106732708580790253 0.0043528335444765701295 0.0015445580344283110254 -0.36189616613837843895 0.6779064588328876928 0.95129819543028337758 0.29130569162367292435 0.025013541100635500181 0.00011459900452203189685 5.6551716515370191729 0.99728030216829866017 0.09617797953760688634 -1.714433046086826451 -1.2514131231642826592 -0.94587082940069189263 1.0794017659364256723 0.33446475512652545925 0.098954089473987122405 0.81157781084772240288 0.5 
-1.0000000000000000199e+30 -1.0000000000000000199e+30 0 0 0 0 0 0 0 0 0 0 0 0 0 0 0 0 0 0 0 0 0 0 0 0 0 0 0 0 0 0 0 
1509.1756314315168765 1495.8330906040514492 0.0056534305778578606075 0.0083764389245509097287 0.64805294843757510481 0.16619345093087503629 0.94722168332318545936 0.048204921228659124155 3.1359301610518413028 0.07049018537384925398 0.98022500799711786978 0.927264399091481617 0.88738483212550189894 0.00047997205217696674523 0.00250547397041420844 0.0012374512171478896025 -0.022152368190575269513 0.55778171297595513511 0.73052133768382543355 0.30600869764821103658 0.0021908882946168315754 0.00027443361463324206792 2.4166444791982293339 0.99728030216829866017 0.058454661925681043744 -1.714433046086826451 -1.2514131231642826592 -0.94587082940069189263 0.09132604021792858906 -0.15598466126706289625 -0.031180679775120467151 0.89100075754087060265 0.5 
-1.0000000000000000199e+30 -1.0000000000000000199e+30 0 0 0 0 0 0 0 0 0 0 0 0 0 0 0 0 0 0 0 0 0 0 0 0 0 0 0 0 0 0 0 
-1.0000000000000000199e+30 -1.0000000000000000199e+30 0 0 0 0 0 0 0 0 0 0 0 0 0 0 0 0 0 0 0 0 0 0 0 0 0 0 0 0 0 0 0 
-1.0000000000000000199e+30 -1.0000000000000000199e+30 0 0 0 0 0 0 0 0 0 0 0 0 0 0 0 0 0 0 0 0 0 0 0 0 0 0 0 0 0 0 0 
1520.2594459114307028 1513.0127290812968113 0.0041357982853430343487 0.006336415580106708953 0.82403171522966900397 0.1633705337635285304 0.71481818099758187568 0.10905836810110561275 2.3332610241248139538 0.11123609498265321638 0.99573679951679783251 0.90618911893199760588 0.85154109228352592442 0.00077480656081833226573 0.0026183507036383864633 0.0011759727720844002745 -1.0091333177241241792 0.00030204722012525217663 0.49847700512717374455 0.59877325517468971139 0.00017781580886403931005 0.12341983382903488897 4.7730372361182711316 0.99728030216829866017 0.0556735914933927864 -1.714433046086826451 -1.2514131231642826592 -0.94587082940069189263 0.0041375999623632113075 0.0021045163293886529239 0.0016284006523185861996 0.99572812288791423541 0.5 
-1.0000000000000000199e+30 -1.0000000000000000199e+30 0 0 0 0 0 0 0 0 0 0 0 0 0 0 0 0 0 0 0 0 0 0 0 0 0 0 0 0 0 0 0 
1521.1491582261969597 1518.0441208925994943 0.0051950899622837023312 0.0085598218370054272169 0.65084260990223841148 0.023305320967497603762 0.9721722853657049912 0.065958613268253085682 2.4904694337270569804 0.044566011270289251911 0.99956479870432779489 0.9167627803573878964 0.81735126474589958612 0.00078315389270972837928 0.0052731997179215981536 0.0013667760476005002494 1.222217327931336861 0.43004151455716477237 0.14745765199387186883 0.56449733966084791881 0.012613908211429412237 0.00015705095712484736436 2.6725794649204566156 0.99728030216829866017 0.072692179225243097607 -1.714433046086826451 -1.2514131231642826592 -0.94587082940069189263 0.0014824558111048585524 -0.0046856051264918419791 -0.0025516906730282330924 0.99875776786216985403 0.5 
-1.0000000000000000199e+30 -1.0000000000000000199e+30 0 0 0 0 0 0 0 0 0 0 0 0 0 0 0 0 0 0 0 0 0 0 0 0 0 0 0 0 0 0 0 
1452.0272124666514628 1441.8376515904762982 0.0050811655267370111136 0.010075856944567104442 0.74752419657436353084 0.7244669166851509523 0.95912494113251145489 0.026279233792858167074 3.3739878466574477756 0.30850338186103865024 0.8903001643931762743 0.88847939843322187858 0.89775380669408422207 0.00033116055115071777772 0.0024404944891252963388 0.0012481095835177027573 -0.032500635332256999632 0.2407598680633227517 0.97849362238384762769 0.57788361461898096749 0.00016698330582705462276 0.0025065544382603887306 2.588306997623661232 0.99728030216829866017 0.073093067735334152357 -1.714433046086826451 -1.2514131231642826592 -0.94587082940069189263 0.75881934455242616711 1.7978241840312327859 -0.012833314411706969044 0.99773674531344491712 0.5 
-1.0000000000000000199e+30 -1.0000000000000000199e+30 0 0 0 0 0 0 0 0 0 0 0 0 0 0 0 0 0 0 0 0 0 0 0 0 0 0 0 0 0 0 0 
-1.0000000000000000199e+30 -1.0000000000000000199e+30 0 0 0 0 0 0 0 0 0 0 0 0 0 0 0 0 0 0 0 0 0 0 0 0 0 0 0 0 0 0 0 
-1.0000000000000000199e+30 -1.0000000000000000199e+30 0 0 0 0 0 0 0 0 0 0 0 0 0 0 0 0 0 0 0 0 0 0 0 0 0 0 0 0 0 0 0 
-1.0000000000000000199e+30 -1.0000000000000000199e+30 0 0 0 0 0 0 0 0 0 0 0 0 0 0 0 0 0 0 0 0 0 0 0 0 0 0 0 0 0 0 0 
-1.0000000000000000199e+30 -1.0000000000000000199e+30 0 0 0 0 0 0 0 0 0 0 0 0 0 0 0 0 0 0 0 0 0 0 0 0 0 0 0 0 0 0 0 
-1.0000000000000000199e+30 -1.0000000000000000199e+30 0 0 0 0 0 0 0 0 0 0 0 0 0 0 0 0 0 0 0 0 0 0 0 0 0 0 0 0 0 0 0 
-1.0000000000000000199e+30 -1.0000000000000000199e+30 0 0 0 0 0 0 0 0 0 0 0 0 0 0 0 0 0 0 0 0 0 0 0 0 0 0 0 0 0 0 0 
1154.8515957968788825 1154.515702121866525 0.0049092082772868809309 0.010044793049484045111 0.59325097663007053672 0.088865503867923370529 0.90785858328673396667 0.066080308503296783518 4.0553579385715314842 0.64726370115273412775 0.88391000303872402366 0.7520848613633064339 0.91463057021815252767 0.00504207756994539541 0.0077622384684229604399 0.001951919963514992494 -0.49861314718691268633 0.4899116268942155239 0.56183681408846242178 0.11262140374135866383 9.5149630215018984945e-05 0.076165860661501064155 1.8537647024224128689 0.99728030216829866017 0.073093153263025623101 -1.714433046086826451 -1.2514131231642826592 -0.94587082940069189263 2.1692513637098347345 -0.695274445689085141 0.31323675450768123651 0.98717920700839845161 0.5 
-1.0000000000000000199e+30 -1.0000000000000000199e+30 0 0 0 0 0 0 0 0 0 0 0 0 0 0 0 0 0 0 0 0 0 0 0 0 0 0 0 0 0 0 0 
-1.0000000000000000199e+30 -1.0000000000000000199e+30 0 0 0 0 0 0 0 0 0 0 0 0 0 0 0 0 0 0 0 0 0 0 0 0 0 0 0 0 0 0 0 
-1.0000000000000000199e+30 -1.0000000000000000199e+30 0 0 0 0 0 0 0 0 0 0 0 0 0 0 0 0 0 0 0 0 0 0 0 0 0 0 0 0 0 0 0 
-1.0000000000000000199e+30 -1.0000000000000000199e+30 0 0 0 0 0 0 0 0 0 0 0 0 0 0 0 0 0 0 0 0 0 0 0 0 0 0 0 0 0 0 0 
-1.0000000000000000199e+30 -1.0000000000000000199e+30 0 0 0 0 0 0 0 0 0 0 0 0 0 0 0 0 0 0 0 0 0 0 0 0 0 0 0 0 0 0 0 
1376.8133121624757678 1381.6453851005933302 0.0041695421782895463608 0.0050238612892985002115 0.87029753636268314398 0.57984368495492000228 0.1622023706118877473 0.78615380293381897925 3.9224776718386777929 0.28330861229317000349 0.98988308787177714532 0.92003727245975230886 0.57830452352435524066 0.0051857745404008462331 0.0026643995765603819235 0.0035763824070034070171 0.17715629628340329171 0.97974901308955719692 0.64847818965419179449 0.67934182824186029048 0.0019594362543635386424 0.019227596414657710522 3.3181379873585190587 0.99728030216829866017 0.077875418376311317248 -1.714433046086826451 -1.2514131231642826592 -0.94587082940069189263 -2.2947700464405844656 0.33225308528855940216 -0.0067207843600975312667 0.96517457212783797083 0.5 
-1.0000000000000000199e+30 -1.0000000000000000199e+30 0 0 0 0 0 0 0 0 0 0 0 0 0 0 0 0 0 0 0 0 0 0 0 0 0 0 0 0 0 0 0 
1436.0256539584120219 1428.4737582967213712 0.0051592508014491689564 0.0081939966698678281393 0.94517383092901574582 0.47182452069859198707 0.69904003265115211008 0.64717289507047981445 3.7775522608194016527 0.18257191279465248557 0.9975352569169897432 0.94785707066471247551 0.8019974631216499894 0.0043093489068289905428 0.0015127357637370480743 0.0016768909113629854035 -0.113522430904689553 0.48905553973975446347 8.9599355903977117248e-10 0.6276606370806449009 0.007652639975085181144 0.00013354023075481973775 2.9134244196521903447 0.99728030216829866017 0.077875830602301618355 -1.714433046086826451 -1.2514131231642826592 -0.94587082940069189263 0.43653051834882966586 -0.83962641595579323717 0.012418726374614738259 0.96516870304251034529 0.5 
-1.0000000000000000199e+30 -1.0000000000000000199e+30 0 0 0 0 0 0 0 0 0 0 0 0 0 0 0 0 0 0 0 0 0 0 0 0 0 0 0 0 0 0 0 
-479.35628005339020774 -480.05874797687204136 0.0088844780744940267392 0.022738662875992934204 0.73446030651266736022 0.73969948710742261522 0.97250623114658008017 0.0096377008662067147754 1.5715720533235388867 0.51492078219135051231 0.77553824634627022139 0.8638954251637209758 0.52121880543787257878 0.00032041517304623429825 0.002748256064303630699 0.0033831117887191202408 -1.4738620601229546203 0.25862239324487745762 0.28243573848158121109 0.22353384317830204964 0.0041567743872292341537 0.003474070089869201166 1.6005513488780707121 0.99728030216829866017 0.077875830602301618355 -1.714433046086826451 -1.2514131231642826592 -0.94587082940069189263 0.69942608517974969029 -1.4727878987319840132 1.2492574099873301474 0.96516870304251034529 0.5 
-1.0000000000000000199e+30 -1.0000000000000000199e+30 0 0 0 0 0 0 0 0 0 0 0 0 0 0 0 0 0 0 0 0 0 0 0 0 0 0 0 0 0 0 0 
1396.2532270137508021 1399.9035096224645258 0.0042996837356522842055 0.0056789250989616882684 0.84474843621376061176 0.070687873049815261317 0.94509188303068525361 0.12081287080311858828 3.4255207945565229188 0.20990252703655351563 0.99821527853407443498 0.89744546868875152423 0.89374857700733156829 0.00077416047689100072997 0.0046221891321643285983 0.0012089032353078154377 2.0171133929480697944 0.98951761082992317764 0.44711906676975543551 0.56831225199548784932 0.056194521228984155303 0.006792116917964382411 3.4095784873214460831 0.99728030216829866017 0.077757734388056887198 -1.714433046086826451 -1.2514131231642826592 -0.94587082940069189263 0.81893782268269199598 -0.61383026297762055545 -0.086067495695324652827 0.96352274606978360882 0.5 
-1.0000000000000000199e+30 -1.0000000000000000199e+30 0 0 0 0 0 0 0 0 0 0 0 0 0 0 0 0 0 0 0 0 0 0 0 0 0 0 0 0 0 0 0 
-1.0000000000000000199e+30 -1.0000000000000000199e+30 0 0 0 0 0 0 0 0 0 0 0 0 0 0 0 0 0 0 0 0 0 0 0 0 0 0 0 0 0 0 0 
-1.0000000000000000199e+30 -1.0000000000000000199e+30 0 0 0 0 0 0 0 0 0 0 0 0 0 0 0 0 0 0 0 0 0 0 0 0 0 0 0 0 0 0 0 
1078.6352971360036008 1071.358183374436976 0.0052005772399348268453 0.0089230491859214385725 0.83358596223589487284 0.60621173565026731378 0.86024480952586734883 0.062973897578633725169 3.0506911149679454276 0.25953390812941246057 0.97648720025216828589 0.89773652549970905934 0.84239362748926593927 0.00043594872836466184518 0.0018924786409245382239 0.0012706637368175366723 -0.89310327303498115992 0.64218450803309679031 0.26004805648699402809 0.52658036956563591957 0.0070308954943902792628 0.0081083210068754844879 1.6109272704925388098 0.99728030216829866017 0.077757734388056887198 -1.714433046086826451 -1.2514131231642826592 -0.94587082940069189263 0.11320609324026065234 -0.47236882906790828018 0.16709452784385367408 0.96352274606978360882 0.5 
-1.0000000000000000199e+30 -1.0000000000000000199e+30 0 0 0 0 0 0 0 0 0 0 0 0 0 0 0 0 0 0 0 0 0 0 0 0 0 0 0 0 0 0 0 
-5779.9719288660653547 -5787.547815534203437 0.004746882133409045107 0.0074836077124445371522 0.97439356731378445886 0.99126613901893956271 0.84267798243808866854 0.15217191931908205516 3.0631832376979182264 0.18714268832964503497 0.99225997796762455128 0.94533455867512194981 0.78819252268858963628 0.00093372754550922251043 0.0013503091024341653745 0.0014741377068723450928 0.66203163958677935241 0.87003195146098732948 0.26842584507539868355 0.50808155210688710213 0.0018101975996978581472 0.0014842999749816953269 2.1265607040841132402 0.99728030216829866017 0.077757734388056887198 -1.714433046086826451 -1.2514131231642826592 -0.94587082940069189263 0.11891024859457340057 -0.075133127849317735136 2.0625384395036454599 0.96352274606978360882 0.5 
-1.0000000000000000199e+30 -1.0000000000000000199e+30 0 0 0 0 0 0 0 0 0 0 0 0 0 0 0 0 0 0 0 0 0 0 0 0 0 0 0 0 0 0 0 
-14984.321537022218763 -14885.348224785617276 7.71694887071947271e-05 0.097113855330770562646 0.82723536442950151848 0.97737981410876773047 0.428417662218090467 0.3258934926632524598 3.5230941815297085462 0.75527372228914979591 0.9053666439214681505 0.99990604782824998864 0.99781487703887683516 0.015066651547312010298 5.3580268286168575287e-05 0.72417847803967194675 0.09648290564251053858 0.83015742893971833372 0.19124810090821303676 0.44138755819486547027 0.010642834204204764531 0.026881387386868349498 1.6827771196767946638 0.99728030216829866017 0.07775723608161487499 -1.714433046086826451 -1.2514131231642826592 -0.94587082940069189263 0.66909814720077664951 0.44502496854079515165 0.75461490063522140836 0.96354892911142331346 0.5 
-1.0000000000000000199e+30 -1.0000000000000000199e+30 0 0 0 0 0 0 0 0 0 0 0 0 0 0 0 0 0 0 0 0 0 0 0 0 0 0 0 0 0 0 0 
-141045.18705987333669 -141053.40605739768944 0.007488353629596530836 0.0077786952971170336343 0.58895011595450341702 0.80881644203327596188 0.35268910275772213936 0.39623176003806293011 3.4428142101503906858 0.97585761407390236855 0.79267982817254956096 0.93088057036511595577 0.51101982360705733299 0.0088318776828236883469 0.0086941215815022586388 0.00019414805341511965665 -0.19425672043912309284 0.35229141003956615519 0.42506114073019202193 0.63518193345310125508 0.0021969524679945639546 0.0017050993529318240246 3.1515243756432211875 0.99728030216829866017 0.07775723608161487499 -1.714433046086826451 -1.2514131231642826592 -0.94587082940069189263 -0.79362183145125553274 -1.5048234089746845843 -0.168085097219516727 0.96354892911142331346 0.5 
-1.0000000000000000199e+30 -1.0000000000000000199e+30 0 0 0 0 0 0 0 0 0 0 0 0 0 0 0 0 0 0 0 0 0 0 0 0 0 0 0 0 0 0 0 
-1.0000000000000000199e+30 -1.0000000000000000199e+30 0 0 0 0 0 0 0 0 0 0 0 0 0 0 0 0 0 0 0 0 0 0 0 0 0 0 0 0 0 0 0 
-1.0000000000000000199e+30 -1.0000000000000000199e+30 0 0 0 0 0 0 0 0 0 0 0 0 0 0 0 0 0 0 0 0 0 0 0 0 0 0 0 0 0 0 0 
-1.0000000000000000199e+30 -1.0000000000000000199e+30 0 0 0 0 0 0 0 0 0 0 0 0 0 0 0 0 0 0 0 0 0 0 0 0 0 0 0 0 0 0 0 
-1.0000000000000000199e+30 -1.0000000000000000199e+30 0 0 0 0 0 0 0 0 0 0 0 0 0 0 0 0 0 0 0 0 0 0 0 0 0 0 0 0 0 0 0 
-1502880.4819093141705 -1502883.1783368622418 0.0054188131052069366672 0.008745276477808754112 0.65585461631417274475 0.90067166625522077084 0.32101983390748500824 0.87167427502572536469 1.7917603631038219181 0.96607230696827173233 0.84528252114541824191 0.85312890959903597832 0.23785874340683221817 0.0034543850249610843356 0.0059814969263970851204 7.46841588988900228e-05 0.44985105652672835452 0.00023761937036009657073 0.00097770772068787306294 0.77122522821598660236 5.5800854787957412384 0.010453946969473578224 7.9518288777611791929 0.99728030216829866017 0.07775723608161487499 -1.714433046086826451 -1.2514131231642826592 -0.94587082940069189263 -0.9489936711184835394 0.337308928450445078 -0.1708619193791356683 0.96354892911142331346 0.5 
-1.0000000000000000199e+30 -1.0000000000000000199e+30 0 0 0 0 0 0 0 0 0 0 0 0 0 0 0 0 0 0 0 0 0 0 0 0 0 0 0 0 0 0 0 
-1.0000000000000000199e+30 -1.0000000000000000199e+30 0 0 0 0 0 0 0 0 0 0 0 0 0 0 0 0 0 0 0 0 0 0 0 0 0 0 0 0 0 0 0 
-1.0000000000000000199e+30 -1.0000000000000000199e+30 0 0 0 0 0 0 0 0 0 0 0 0 0 0 0 0 0 0 0 0 0 0 0 0 0 0 0 0 0 0 0 
1469.0008411561625508 1471.5327838338669153 0.0044750600601757015498 0.0051892425262271071884 0.76236336583466068895 0.017738217448053893166 0.98438477348828457014 0.081148467853158490204 2.697288161529511008 0.021332173200469553564 0.99922172917915230705 0.97084118517269613058 0.93072792159302242254 0.00065694571786206409653 0.002793230388435677565 0.0011543461684318512533 0.063077424714875249268 0.22378842759116204797 0.12600957222828157445 0.54730817246160734513 2.1191105690573848186 0.00016221373183631526303 3.8178605270362666602 0.99728030216829866017 -0.0097306058791926212936 -1.714433046086826451 -1.2514131231642826592 -0.94587082940069189263 -0.0012971037274881814291 -0.26100206834631495267 -0.003492112329500710044 0.87683913244251687757 0.5 
-1.0000000000000000199e+30 -1.0000000000000000199e+30 0 0 0 0 0 0 0 0 0 0 0 0 0 0 0 0 0 0 0 0 0 0 0 0 0 0 0 0 0 0 0 
-1.0000000000000000199e+30 -1.0000000000000000199e+30 0 0 0 0 0 0 0 0 0 0 0 0 0 0 0 0 0 0 0 0 0 0 0 0 0 0 0 0 0 0 0 
-1.0000000000000000199e+30 -1.0000000000000000199e+30 0 0 0 0 0 0 0 0 0 0 0 0 0 0 0 0 0 0 0 0 0 0 0 0 0 0 0 0 0 0 0 
-288589.14029583195224 -288602.00832285551587 0.0067252462543547150697 0.0098469053076890612763 0.91950979665853083134 0.022056936286389827728 0.73254182655364274979 0.72587016760371625423 3.9165292332880197179 0.43551094084978103638 0.82663970994763080746 0.78933497206307945415 0.18938943161629140377 0.0080825440329499540631 0.00079790910240262746811 0.00057776777073740963071 -1.0979483246511558825 0.82803631899795915317 0.2108107639912096265 0.27970455743276267935 0.0051746518669349142114 0.00014068158982259663784 2.576551425966164377 0.99728030216829866017 -0.0097306058791926212936 -1.714433046086826451 -1.2514131231642826592 -0.94587082940069189263 -0.0074601107629602043947 -0.0036336023685839798428 -0.00049084860187030641531 0.87683913244251687757 0.5 
-1.0000000000000000199e+30 -1.0000000000000000199e+30 0 0 0 0 0 0 0 0 0 0 0 0 0 0 0 0 0 0 0 0 0 0 0 0 0 0 0 0 0 0 0 
1492.6009316583999862 1491.2544900846078235 0.0059206117316133255804 0.010622348495036060961 0.55189963419363841091 0.48095275949977817076 0.90337900286731109833 0.00094907028420294881847 2.9989022575613706323 0.39639740885831942219 0.76417579937483615105 0.91546920076879390038 0.90897204368637440908 0.000327457692415550805 0.0026879846064973038008 0.00114191598709005083 1.588070334354767299 0.25182317969983825101 0.99963175785595559386 0.78713884232554254261 0.18406636732764999898 0.00019743543642879800401 4.9582177805201519405 0.99728030216829866017 0.013564336721867960994 -1.714433046086826451 -1.2514131231642826592 -0.94587082940069189263 -0.0071341119288811640983 -1.00170504020375839 -0.0019774633581508913732 0.8823580046024203094 0.5 
-1.0000000000000000199e+30 -1.0000000000000000199e+30 0 0 0 0 0 0 0 0 0 0 0 0 0 0 0 0 0 0 0 0 0 0 0 0 0 0 0 0 0 0 0 
-6126787.1474366141483 -6126792.2901171417907 0.0052542705887041575921 0.0077863280699539197394 0.94517746648116807151 0.095407033476010608131 0.90332069316081309296 0.54298456168729936078 3.5468585878689973256 0.12147377095860094343 0.99819165628738970586 0.9134957033776330837 0.85968310943765247067 0.0029484381876391870143 0.0021375108655378276257 0.001390327034675622412 0.86758630987454854466 0.44851715886034071445 0.19947312725707888603 0.024353366577997803688 0.0011076270299963653348 0.0011060257698409258799 1.238903941004537046 0.99728030216829866017 0.013564336721867960994 -1.714433046086826451 -1.2514131231642826592 -0.94587082940069189263 0.56576364149919644575 2.2305939151891798211 2.3170961304346775478 0.8823580046024203094 0.5 
-1.0000000000000000199e+30 -1.0000000000000000199e+30 0 0 0 0 0 0 0 0 0 0 0 0 0 0 0 0 0 0 0 0 0 0 0 0 0 0 0 0 0 0 0 
-1.0000000000000000199e+30 -1.0000000000000000199e+30 0 0 0 0 0 0 0 0 0 0 0 0 0 0 0 0 0 0 0 0 0 0 0 0 0 0 0 0 0 0 0 
-1.0000000000000000199e+30 -1.0000000000000000199e+30 0 0 0 0 0 0 0 0 0 0 0 0 0 0 0 0 0 0 0 0 0 0 0 0 0 0 0 0 0 0 0 
1381.3213018694752918 1369.3360445639000318 0.0029763393971272839034 0.0071914068183007995305 0.6343064727359997157 0.1420084874196375635 0.97441553913633738304 0.01268839527325409805 1.6154270401533414869 0.23245759110089944666 0.82861593443787995295 0.50605488006455590089 0.5659563388995261235 0.00029028871924721228121 0.01554174007790922428 0.0016644575953800959649 0.19175916417200566944 0.29832632249870644214 0.24767518281033024108 0.63647830512325143104 0.35628101195823175251 0.00012235185890028236642 5.8979344533264468353 0.99728030216829866017 0.013564336721867960994 -1.714433046086826451 -1.2514131231642826592 -0.94587082940069189263 0.56924392626699960029 0.6530873786665422065 0.23890798324142567544 0.8823580046024203094 0.5 
-1.0000000000000000199e+30 -1.0000000000000000199e+30 0 0 0 0 0 0 0 0 0 0 0 0 0 0 0 0 0 0 0 0 0 0 0 0 0 0 0 0 0 0 0 
1346.9983362795987887 1336.6945470390969604 0.0048695000291528976744 0.007351972287930789475 0.69682172365431127581 0.39594423771310316429 0.77816480773553542427 0.052453695321421828224 4.0124799286819170518 0.55720582198014567687 0.81256513040132039016 0.86676062879043602738 0.89564190362011086854 0.00057991600328630144284 0.0033559980095207589748 0.0016083327822566393164 1.5164391863716861764 0.70460055409897437428 0.67540882218503439649 0.22862245920641713348 0.1022221717016056769 9.1965732333269809332e-05 2.3496983681955647683 0.99728030216829866017 0.013564349829172612366 -1.714433046086826451 -1.2514131231642826592 -0.94587082940069189263 1.8939314611827431367 0.41537019758926302382 -0.077312163230451300122 0.88235810881209786327 0.5 
-1.0000000000000000199e+30 -1.0000000000000000199e+30 0 0 0 0 0 0 0 0 0 0 0 0 0 0 0 0 0 0 0 0 0 0 0 0 0 0 0 0 0 0 0 
-1.0000000000000000199e+30 -1.0000000000000000199e+30 0 0 0 0 0 0 0 0 0 0 0 0 0 0 0 0 0 0 0 0 0 0 0 0 0 0 0 0 0 0 0 
-1.0000000000000000199e+30 -1.0000000000000000199e+30 0 0 0 0 0 0 0 0 0 0 0 0 0 0 0 0 0 0 0 0 0 0 0 0 0 0 0 0 0 0 0 
-1.0000000000000000199e+30 -1.0000000000000000199e+30 0 0 0 0 0 0 0 0 0 0 0 0 0 0 0 0 0 0 0 0 0 0 0 0 0 0 0 0 0 0 0 
-1.0000000000000000199e+30 -1.0000000000000000199e+30 0 0 0 0 0 0 0 0 0 0 0 0 0 0 0 0 0 0 0 0 0 0 0 0 0 0 0 0 0 0 0 
1373.9348780394348069 1363.8490522921185857 0.0045463827267119508863 0.0053741918117754562678 0.93766762723878926966 0.83298714772744020252 0.56225655183560263595 0.4290542757405998997 3.7800103569823613192 0.067861886507513805022 0.91465329644060755498 0.93568805842184932242 0.34709564674188270184 0.0027113982249011496332 0.0017509620611041484383 0.0041303988936616797822 -0.19169051673740056252 0.089987712462969549065 0.065769994239938581182 0.47513551573390672145 0.067358109571551000316 0.00015267719139089663632 4.0215209600334045348 0.99728030216829866017 0.013635507415712566637 -1.714433046086826451 -1.2514131231642826592 -0.94587082940069189263 0.17538020961649197771 0.068024979996531342863 0.0025403125746589110337 0.87039080939796853453 0.5 
-1.0000000000000000199e+30 -1.0000000000000000199e+30 0 0 0 0 0 0 0 0 0 0 0 0 0 0 0 0 0 0 0 0 0 0 0 0 0 0 0 0 0 0 0 
1519.6517184251417802 1512.5757886180338119 0.0045493665826794307469 0.005971788311389247296 0.72740273088343332386 0.10473510680013549401 0.93289650828020742601 0.036945699661505022882 2.6129554173961362373 0.089444000141935778303 0.99888782122463037894 0.92146741448363733706 0.91367868136105157006 0.00031764233480369776516 0.0033714140619480995227 0.0010925566486380861204 -0.20470416313135986197 0.096684871169900765686 0.00096040246215925006296 0.64991650905949127637 0.0031414254946152343935 0.00017863491303017975192 2.8463700251470727132 0.99728030216829866017 0.0096001767962728933037 -1.714433046086826451 -1.2514131231642826592 -0.94587082940069189263 -0.036975056568830329262 -0.020704482284558900496 0.012006924042673963737 0.99959734422767398954 0.5 
-1.0000000000000000199e+30 -1.0000000000000000199e+30 0 0 0 0 0 0 0 0 0 0 0 0 0 0 0 0 0 0 0 0 0 0 0 0 0 0 0 0 0 0 0 
1431.1358714602447435 1442.558336445868008 0.0052862157525852514206 0.0086215627920212777047 0.91033433412062747525 0.002168529070862979316 0.97001708331731650858 0.21498901582723206616 2.6891876233034230914 0.074648225313151655991 0.99999513177723320378 0.98924105586612243179 0.86735973961191747961 0.0013902417356137313463 0.0031571176103162342658 0.001212825329449127975 -0.44081810963287076932 0.1221765543530735354 0.11640290340736843266 0.58992667861178205158 0.25202913623935152554 0.00011642584844400629264 2.5214275275671669263 0.99728030216829866017 0.024816057431523118326 -1.714433046086826451 -1.2514131231642826592 -0.94587082940069189263 -0.5780996781399209139 -0.46484247892353369735 0.066870045452570719968 0.99783273384648252247 0.5 
