-1.0000000000000000199e+30 -1.0000000000000000199e+30 0 0 0 0 0 0 0 0 0 0 0 0 0 0 0 0 0 0 0 0 0 0 0 0 0 0 0 0 0 0 0 
-1.0000000000000000199e+30 -1.0000000000000000199e+30 0 0 0 0 0 0 0 0 0 0 0 0 0 0 0 0 0 0 0 0 0 0 0 0 0 0 0 0 0 0 0 
-1.0000000000000000199e+30 -1.0000000000000000199e+30 0 0 0 0 0 0 0 0 0 0 0 0 0 0 0 0 0 0 0 0 0 0 0 0 0 0 0 0 0 0 0 
-148.87222580893475765 -164.58160027537874726 0.0044542380692191782532 0.0088871542522796168756 0.69611393323484216378 0.65303730047908559175 0.97689365949606932205 0.32793909607393534333 1.5457301186751979394 0.23726584280431886609 0.92592568125909713306 0.75975123828517099334 0.032090764948243921673 0.0015293454409966251648 0.0033470250381120690564 0.0064109589523195023575 -0.056542372675232349666 0.60130830924026668072 0.89805355225689709187 0.20786045468412339687 0.0010631219204515218475 0.0019905655179172756022 2.0568663233425468206 0.99728030216829866017 0.00083061017292214607555 -1.714433046086826451 -1.2514131231642826592 -0.94587082940069189263 -0.46468328973554390293 0.70086623454484797691 0.60822979939723498255 0.63651340134263634241 0.5 
-1.0000000000000000199e+30 -1.0000000000000000199e+30 0 0 0 0 0 0 0 0 0 0 0 0 0 0 0 0 0 0 0 0 0 0 0 0 0 0 0 0 0 0 0 
1058.6892320481356364 1077.2082506962769912 0.0052482001406694090209 0.0046269897839668104947 0.92018647247068485751 0.74944506937326738072 0.95813257600566803518 0.91413206921715184361 3.6333796562752578296 0.0027419900007609656484 0.92108043962660102189 0.93659513054289011968 1.7198316735590832988e-05 0.0055899978942137726681 0.0016067753250844814261 0.14209144671937168347 0.98961115526688980815 0.59929538638088430957 0.41852037992994317595 0.71752158141480149034 0.10792839717486983619 2.7351004935693974396 5.1014209013413456262 0.99728030216829866017 0.00083080617365710932292 -1.714433046086826451 -1.2514131231642826592 -0.94587082940069189263 -0.80608031404046531776 -1.4823308884490575821 0.044427733566388828701 0.63651314542244430417 0.5 
-1.0000000000000000199e+30 -1.0000000000000000199e+30 0 0 0 0 0 0 0 0 0 0 0 0 0 0 0 0 0 0 0 0 0 0 0 0 0 0 0 0 0 0 0 
-1.0000000000000000199e+30 -1.0000000000000000199e+30 0 0 0 0 0 0 0 0 0 0 0 0 0 0 0 0 0 0 0 0 0 0 0 0 0 0 0 0 0 0 0 
-1.0000000000000000199e+30 -1.0000000000000000199e+30 0 0 0 0 0 0 0 0 0 0 0 0 0 0 0 0 0 0 0 0 0 0 0 0 0 0 0 0 0 0 0 
-409274.8350438803318 -409276.210802571557 0.0051565279212038633502 0.0081225159528984427343 0.91921970708711497888 0.64085997800854455075 0.57057825187276967061 0.50535238778697788575 3.6233020109037470391 0.20861440260072083852 0.99449563439030197465 0.93618198320840673166 0.80366363501485615917 0.0028689676983057773967 0.0014448335195249648998 0.0015760501562091166691 -1.4979879512045439771 0.16870044032111763954 0.92860164330340921879 0.55975579749792814255 0.0079396892245858913251 0.007205691146664321492 2.335778338136151433 0.99728030216829866017 0.00083080617365710932292 -1.714433046086826451 -1.2514131231642826592 -0.94587082940069189263 -1.4613337814430162886 1.5313052910234501436 -0.21611733047138023678 0.63651314542244430417 0.5 
-1.0000000000000000199e+30 -1.0000000000000000199e+30 0 0 0 0 0 0 0 0 0 0 0 0 0 0 0 0 0 0 0 0 0 0 0 0 0 0 0 0 0 0 0 
1494.0502331523809971 1487.9493553824413539 0.0048936358680073061347 0.0067950704090022568185 0.91417104704616169997 0.062677483303703027118 0.32146242910204353427 0.37405907600569343607 3.7089169008910642944 0.402458410757284335 0.9986579582280198375 0.83717920711692572766 0.93071812499547845743 0.0025803587208997787183 0.009216785011816244072 0.0011668198947380507228 -1.168108875993667084 0.5256882894975635212 0.33927846258606886298 0.59462199604360754801 0.0013810905750282508921 0.0016949267592818440236 3.9377607135896495194 0.99728030216829866017 0.032066332003669623107 -1.714433046086826451 -1.2514131231642826592 -0.94587082940069189263 -0.090938118455421962372 0.012445688312420891131 -0.0016353773209897958657 0.44478495571236648098 0.5 
-1.0000000000000000199e+30 -1.0000000000000000199e+30 0 0 0 0 0 0 0 0 0 0 0 0 0 0 0 0 0 0 0 0 0 0 0 0 0 0 0 0 0 0 0 
1452.083122522747999 1450.0029003756885686 0.0053655488308589826749 0.009512881222500848416 0.85739767930304278121 0.038265100655332756618 0.70301348906924587823 0.25524379213754638807 2.3828584054243426849 0.12527489116931639357 0.99944871430894144382 0.74599898588354873752 0.83323574215506468477 0.0016229149628084118141 0.0092323242864151069953 0.0011915325576218182158 1.0229575858904944585 0.59924900238202438718 0.99828763155292254972 0.6063352133948368694 5.2385180728771074297e-05 0.19937287351407140257 4.0687944608514570177 0.99728030216829866017 0.032066174229317040423 -1.714433046086826451 -1.2514131231642826592 -0.94587082940069189263 0.28918108843846390688 0.22218805676699052154 0.053943057298334727567 0.44478488995207648982 0.5 
-1.0000000000000000199e+30 -1.0000000000000000199e+30 0 0 0 0 0 0 0 0 0 0 0 0 0 0 0 0 0 0 0 0 0 0 0 0 0 0 0 0 0 0 0 
1397.4181813004340711 1384.5667391784124902 0.0057800149520219439025 0.010600408236885182009 0.74314785569300545465 0.3926078540318197474 0.39398907881044625823 0.11760105008176818808 2.6648925196114023883 0.18156517717895581665 0.95150943723858893986 0.93813885031556454308 0.84881535378239991729 0.0012522935212864079457 0.0023279462516140043797 0.0012376898115309810204 -0.076802878242514638352 0.86014147916287742035 0.62442295326385099941 0.63577420289923625152 0.0010081574268122153216 3.8448117818742448537e-05 2.3564398563952493326 0.99728030216829866017 0.032066183247581404869 -1.714433046086826451 -1.2514131231642826592 -0.94587082940069189263 -1.9083750609754024374 0.2161083164247398769 -0.78955253149315962613 0.44478485430170583426 0.5 
-1.0000000000000000199e+30 -1.0000000000000000199e+30 0 0 0 0 0 0 0 0 0 0 0 0 0 0 0 0 0 0 0 0 0 0 0 0 0 0 0 0 0 0 0 
1154.627961778370036 1153.455242925138009 0.0049920006779750579484 0.0079767943654851895807 0.96558255158603834012 0.22305894540731152631 0.8532829175712267622 0.15392906078864693198 3.0125817645281141033 0.17373331645441655868 0.99897661076808663694 0.93604055395849672383 0.8533357746458815063 0.00084868019765613742812 0.0019814723138272117946 0.0013022967659562132651 -1.4926029001838017063 0.66984680578375088711 0.99954131893115449881 0.59450303310351504393 0.0011649913128024768326 0.00022206751951817376052 4.2318032380965089345 0.99728030216829866017 0.032066183247581404869 -1.714433046086826451 -1.2514131231642826592 -0.94587082940069189263 2.3925824752865660905 -1.0572977958222169459 -0.86725792367219012302 0.44478485430170583426 0.5 
-1.0000000000000000199e+30 -1.0000000000000000199e+30 0 0 0 0 0 0 0 0 0 0 0 0 0 0 0 0 0 0 0 0 0 0 0 0 0 0 0 0 0 0 0 
-1.0000000000000000199e+30 -1.0000000000000000199e+30 0 0 0 0 0 0 0 0 0 0 0 0 0 0 0 0 0 0 0 0 0 0 0 0 0 0 0 0 0 0 0 
-1.0000000000000000199e+30 -1.0000000000000000199e+30 0 0 0 0 0 0 0 0 0 0 0 0 0 0 0 0 0 0 0 0 0 0 0 0 0 0 0 0 0 0 0 
1388.7568487259629819 1401.2591450519548744 0.005255311559871153268 0.0094508645129743155955 0.25187633412985321879 0.040580997873669484577 0.76297208113937953211 3.9575839686858747368e-05 2.2521982392688153496 0.096085326759771716443 0.6747292587816724474 0.49547997569260843198 0.92396981765530827868 0.00037288159366207694568 0.084609322628745584072 0.0011325501044923771705 1.8541553620262714031 0.036927715756943146896 0.025180821008442239028 0.86718908665805871649 2.1366328141739310276 0.70063390670967884422 1.4824264233044839312 0.99728030216829866017 0.032066221921857589183 -1.714433046086826451 -1.2514131231642826592 -0.94587082940069189263 0.62916450619201469419 0.45782431931169775829 -0.40301573776839816343 0.44478550223429597077 0.5 
-1.0000000000000000199e+30 -1.0000000000000000199e+30 0 0 0 0 0 0 0 0 0 0 0 0 0 0 0 0 0 0 0 0 0 0 0 0 0 0 0 0 0 0 0 
1435.405922639203709 1455.3437668763178863 0.0052898030274298978026 0.0072904103499522726617 0.80508288502640568129 0.020818675548860011287 0.97285331277471465139 0.1443411617841816319 3.2333266592317153609 0.029660029779970606412 0.99963525896342497745 0.96335282256311161042 0.92605977772160730233 0.001119744853005044628 0.0029815912884298217088 0.001209494579379445222 1.3615193594681223033 0.18175537336596325755 0.11572494104821418048 0.35337572847778636609 5.1201502004879060337 2.1039859244223428902 1.3067181224454165189 0.99728030216829866017 -0.060628908525661613649 -1.714433046086826451 -1.2514131231642826592 -0.94587082940069189263 0.0050909272435795613343 -0.2666771625376573307 -0.001082921097494087383 0.62723044279155093506 0.5 
-1.0000000000000000199e+30 -1.0000000000000000199e+30 0 0 0 0 0 0 0 0 0 0 0 0 0 0 0 0 0 0 0 0 0 0 0 0 0 0 0 0 0 0 0 
1523.0185374235668405 1517.09872189496582 0.0020330129948337247875 0.0012592920380162786736 0.9152523354363230057 0.17063939276909920184 0.89179574738317068938 0.10846729178110485481 2.5973227966909044895 0.12972133129303364818 0.99682554523965338777 0.93821485012529537428 0.85914775593785908114 0.00072553736304594156504 0.0023032746071397812784 0.0013136596582036378679 -0.056951111267529025417 0.42616348430721984197 1.2416565953602127241e-06 0.76549458171145923213 0.0018780505473958673812 0.00011588073850668836049 3.9188046173163217922 0.99728030216829866017 -0.060063781904282256829 -1.714433046086826451 -1.2514131231642826592 -0.94587082940069189263 -0.04774574403708212178 -0.029844351617276325406 -0.0044201112433439083971 0.62713574117432102639 0.5 
-1.0000000000000000199e+30 -1.0000000000000000199e+30 0 0 0 0 0 0 0 0 0 0 0 0 0 0 0 0 0 0 0 0 0 0 0 0 0 0 0 0 0 0 0 
1330.7488325621527565 1328.9591145763986333 0.006246511046748366193 0.012363126280650988884 0.5261601310813500687 0.56255294280148893105 0.96906239973593100157 0.0061622603656973353944 2.3312114761610200908 0.48865519943046969997 0.7371530486770839774 0.79024933294576193976 0.844909372967174499 0.00039938953012235204297 0.0040395721593004018171 0.0012476481873374123659 1.6671788508143738916 0.51980999157068552563 0.43279455978462627597 0.73878029317416360477 0.57660136189910826676 0.015959752507552334155 2.5757339367254288298 0.99728030216829866017 -0.060063781904282256829 -1.714433046086826451 -1.2514131231642826592 -0.94587082940069189263 -1.7526629184414961315 -0.78949551521818683852 0.33987379021312458249 0.62713574117432102639 0.5 
-1.0000000000000000199e+30 -1.0000000000000000199e+30 0 0 0 0 0 0 0 0 0 0 0 0 0 0 0 0 0 0 0 0 0 0 0 0 0 0 0 0 0 0 0 
-1.0000000000000000199e+30 -1.0000000000000000199e+30 0 0 0 0 0 0 0 0 0 0 0 0 0 0 0 0 0 0 0 0 0 0 0 0 0 0 0 0 0 0 0 
-1.0000000000000000199e+30 -1.0000000000000000199e+30 0 0 0 0 0 0 0 0 0 0 0 0 0 0 0 0 0 0 0 0 0 0 0 0 0 0 0 0 0 0 0 
-36415.258648732298752 -36416.840106273957645 0.0050785682085942359526 0.0087106974377560032058 0.83920420264232353791 0.20597606847389132723 0.78434261270855665238 0.08620263354176165016 3.0349574912217636147 0.3193598951384880591 0.99134530952450417018 0.88389164552886556603 0.85485560711380970123 0.00051025893411978540809 0.0032166933200109288499 0.0012244279143469017322 -0.4229374591270174677 0.640211466234177351 0.6457675551064312458 0.7749008124228566885 0.0040716411848552526084 0.0093719990039244291391 1.7268970276927575469 0.99728030216829866017 -0.060063781904282256829 -1.714433046086826451 -1.2514131231642826592 -0.94587082940069189263 0.14837120541647796923 -2.8506208745144925309 -9.858860910050779578e-05 0.62713574117432102639 0.5 
-1.0000000000000000199e+30 -1.0000000000000000199e+30 0 0 0 0 0 0 0 0 0 0 0 0 0 0 0 0 0 0 0 0 0 0 0 0 0 0 0 0 0 0 0 
-4014908.6802234761417 -4014907.3174593113363 0.0052417913360698238645 0.01067542226240766022 0.42438367629122569769 0.0029681818452852843336 0.59631958485928970859 0.0046802600688000892126 1.8774593392958933702 0.43580249427211814606 0.89808928179657410151 0.22114889080905922314 0.79803715756648696544 0.00020998521933962305958 0.83274541401148294284 0.0013371320395930055142 -1.4359640125594781424 0.48421576456166803837 0.29287635977379977703 0.92478224332444369793 0.0022081482200883330302 0.0057307645352557305338 2.1879801050527021289 0.99728030216829866017 -0.060063781904282256829 -1.714433046086826451 -1.2514131231642826592 -0.94587082940069189263 1.1321343792334352951 -1.8630203816495662927 -0.4993522512364332866 0.62713574117432102639 0.5 
-1.0000000000000000199e+30 -1.0000000000000000199e+30 0 0 0 0 0 0 0 0 0 0 0 0 0 0 0 0 0 0 0 0 0 0 0 0 0 0 0 0 0 0 0 
1472.560521785647552 1468.6525805164374106 0.0054085322585859614206 0.0080205366229620413121 0.77642181775209639927 0.0242981637646218461 0.95313866509773459423 0.10225973309720971793 2.8701454902650676004 0.045222171927616100495 0.99965124988287923369 0.91374604041673723742 0.90480249166786252957 0.0007935455438821965423 0.0057206754527540188901 0.0012199293016032489081 -0.096604074066988440683 0.23515967854852012908 0.38586991428325734255 0.60921244371347726965 0.00017809575350912930022 0.062605085708306071335 3.2882835679205033586 0.99728030216829866017 -0.039579446288398489884 -1.714433046086826451 -1.2514131231642826592 -0.94587082940069189263 0.2406726823484172384 1.7721954200061680318 1.3011886703725883407 0.94708205265162981323 0.5 
-1.0000000000000000199e+30 -1.0000000000000000199e+30 0 0 0 0 0 0 0 0 0 0 0 0 0 0 0 0 0 0 0 0 0 0 0 0 0 0 0 0 0 0 0 
1504.6441930589446656 1486.1604558274511874 0.0039692260398015944897 0.0079876293947519789312 0.69452738644047284922 0.14103078439137423095 0.2549291800966206889 0.0070479236590106743646 1.8360104352348942669 0.34979816625595194779 0.018513994248138390675 0.91663643884039436305 0.85972273141153121578 0.001079307810798922412 0.0044521942510259782458 0.0011375477904179661422 0.19937815457702490196 2.4042706866997743325e-09 0.7769054153648113914 0.58598306576631764564 0.0012256934658200005495 0.00044095905311258463358 2.9982393729907483859 0.99728030216829866017 -0.039579392327409097796 -1.714433046086826451 -1.2514131231642826592 -0.94587082940069189263 -0.37819304459488445325 0.065390720727275419843 0.059011176306718329809 0.94708074999580771358 0.5 
-1.0000000000000000199e+30 -1.0000000000000000199e+30 0 0 0 0 0 0 0 0 0 0 0 0 0 0 0 0 0 0 0 0 0 0 0 0 0 0 0 0 0 0 0 
1338.5873199616260081 1355.4104469311230332 0.0053005247912118677589 0.0073587214975587298196 0.78214344638277988331 0.031825864504892213691 0.96431904572545623644 0.10210579640715403138 2.9088860403385412567 0.026428624660810067643 0.9996307047239409993 0.95285976555322360326 0.9141089500984426186 0.00075000917894988197981 0.003027771900622867364 0.0012210505667035295892 -1.5209448044540510026 0.022494982463721013149 0.46920944447663431864 0.69791665373071742895 15.227459479881273907 0.83455481718077151321 2.9056164686753951365 0.99728030216829866017 -0.021716930478243169633 -1.714433046086826451 -1.2514131231642826592 -0.94587082940069189263 1.9824779887253549671 0.77173134691601863455 0.54778150186498641983 0.83812065682624725671 0.5 
-1.0000000000000000199e+30 -1.0000000000000000199e+30 0 0 0 0 0 0 0 0 0 0 0 0 0 0 0 0 0 0 0 0 0 0 0 0 0 0 0 0 0 0 0 
-8998641.0139607638121 -8998645.9080390706658 0.0047352597556445238589 0.010115864348396721648 0.46678668046267185465 0.13708284970990941565 0.72968089977727579321 0.24489059252888359386 3.347973070488651004 0.46578305879883274976 0.84533951518463124053 3.3633099202957407459e-06 0.89870694593955202656 0.0012832518955288912867 1.7490002028201681039 0.0012838842707956399283 -1.3498756310828365912 0.23998720059171319008 0.8305683676153421402 0.65163705381564795971 0.0087724394979886710644 0.00028590063564479348442 1.9763183094328269362 0.99728030216829866017 -0.021716930478243169633 -1.714433046086826451 -1.2514131231642826592 -0.94587082940069189263 -0.65956426130769618688 1.5443619260797605275 -0.19299082333958722524 0.83812065682624725671 0.5 
-1.0000000000000000199e+30 -1.0000000000000000199e+30 0 0 0 0 0 0 0 0 0 0 0 0 0 0 0 0 0 0 0 0 0 0 0 0 0 0 0 0 0 0 0 
-1.0000000000000000199e+30 -1.0000000000000000199e+30 0 0 0 0 0 0 0 0 0 0 0 0 0 0 0 0 0 0 0 0 0 0 0 0 0 0 0 0 0 0 0 
-1.0000000000000000199e+30 -1.0000000000000000199e+30 0 0 0 0 0 0 0 0 0 0 0 0 0 0 0 0 0 0 0 0 0 0 0 0 0 0 0 0 0 0 0 
-1.0000000000000000199e+30 -1.0000000000000000199e+30 0 0 0 0 0 0 0 0 0 0 0 0 0 0 0 0 0 0 0 0 0 0 0 0 0 0 0 0 0 0 0 
-1.0000000000000000199e+30 -1.0000000000000000199e+30 0 0 0 0 0 0 0 0 0 0 0 0 0 0 0 0 0 0 0 0 0 0 0 0 0 0 0 0 0 0 0 
1433.0345323016049406 1421.4929605566478585 0.0047692313693999512439 0.0085833046558477805316 0.87840409289207344035 0.20503536800872720902 0.66449787540095239802 0.11349288931824495774 2.277092290429106658 0.17368681261355403689 0.99593623861803526331 0.96002664373143464793 0.8158425581025748885 0.00078597762641378573784 0.0021206496368920699572 0.0012362602055980024748 0.56075298036390919254 0.9535778815771234207 2.4325276951909466252e-11 0.5298087679917717896 0.056813896812517916679 8.2634364085799400434e-05 6.7209343855229173315 0.99728030216829866017 -0.021716922492856161747 -1.714433046086826451 -1.2514131231642826592 -0.94587082940069189263 0.52262194812288076395 -0.23515577720595004507 0.41172577379234426287 0.83812041938712822375 0.5 
-1.0000000000000000199e+30 -1.0000000000000000199e+30 0 0 0 0 0 0 0 0 0 0 0 0 0 0 0 0 0 0 0 0 0 0 0 0 0 0 0 0 0 0 0 
1492.4345430701614532 1496.2076700199547759 0.0059537605486432963742 0.01130077918489306131 0.987109819203297989 0.022234927335650678942 0.86199684866811954187 0.72836653522417271756 3.3355538188696720603 0.089223454968151219568 0.9997783486423116317 0.95550193889844992068 0.89726731378906166015 0.0045096798680180688254 0.0025972620103464631909 0.0011595305419819770722 0.53215660773832540453 0.034206068413880588719 0.074930894929906372015 0.5518811481394612084 0.00010464180729818594565 0.16043982429743386398 5.5659173015867908774 0.99728030216829866017 -0.027413835991480575704 -1.714433046086826451 -1.2514131231642826592 -0.94587082940069189263 -0.0032445742510846982409 0.028810235565960944787 0.054137053557054767849 0.99426053960153082389 0.5 
-1.0000000000000000199e+30 -1.0000000000000000199e+30 0 0 0 0 0 0 0 0 0 0 0 0 0 0 0 0 0 0 0 0 0 0 0 0 0 0 0 0 0 0 0 
1420.7587796420141331 1429.1471325495829205 0.0047724080667401677647 0.0093651138733983740198 0.86032069814613376657 0.18823601376530132989 0.90982158811737845472 0.10007557775871393779 4.0242921374236253484 0.23076969819911807846 0.99475714669303905158 0.92769235126784510559 0.91568911300677713339 0.0006840406837900816486 0.0028339569477152499154 0.0011962390050331561664 -0.2257924556795235238 9.1735717537805465332e-08 0.67073645384172964068 0.65948013033456509557 0.68594757320368870968 0.5770462293884982552 3.1320732689279973116 0.99728030216829866017 -0.042121416771499851917 -1.714433046086826451 -1.2514131231642826592 -0.94587082940069189263 -0.037215786557085267505 0.43402545496746192111 -0.012313294281976200004 0.93497606606369199067 0.5 
-1.0000000000000000199e+30 -1.0000000000000000199e+30 0 0 0 0 0 0 0 0 0 0 0 0 0 0 0 0 0 0 0 0 0 0 0 0 0 0 0 0 0 0 0 
1374.4396068111698241 1372.157663595648728 0.006044113933127939764 0.011758459228704862959 0.47532601645885957931 0.2048467966690836195 0.84608935270022256336 0.032097188246152298652 3.2710555666537501907 0.20794233157077574026 0.93914248114007170543 0.3027846182267464048 0.82409665176320834323 0.00034746820149482546443 0.01551182719788505443 0.0013620013958935571399 -1.4381255530687784283 0.57760651232773230213 0.91190594260374957525 0.59012520801154777494 0.00010064473303417274374 0.31146318886701779283 2.4770014181615471749 0.99728030216829866017 -0.042121416771499851917 -1.714433046086826451 -1.2514131231642826592 -0.94587082940069189263 -0.48069795140516691223 -1.2448947031791988138 0.37117130611867094059 0.93497606606369199067 0.5 
-1.0000000000000000199e+30 -1.0000000000000000199e+30 0 0 0 0 0 0 0 0 0 0 0 0 0 0 0 0 0 0 0 0 0 0 0 0 0 0 0 0 0 0 0 
-1.0000000000000000199e+30 -1.0000000000000000199e+30 0 0 0 0 0 0 0 0 0 0 0 0 0 0 0 0 0 0 0 0 0 0 0 0 0 0 0 0 0 0 0 
-1.0000000000000000199e+30 -1.0000000000000000199e+30 0 0 0 0 0 0 0 0 0 0 0 0 0 0 0 0 0 0 0 0 0 0 0 0 0 0 0 0 0 0 0 
-6145295.144698661752 -6145304.0091300997883 0.0023217896488817472631 0.0093457239661598918989 0.70775988448049231838 0.69983733190550212466 0.79503701209113297743 0.20719678231039961869 1.5675717729450000526 0.3118333430474278245 0.93374328650702376198 0.89544550159104219222 0.47309529862959892599 0.0013760661968437769634 0.0020344108986186078616 0.0022088145968467798146 0.57362447789773474138 0.45310977325985413167 0.8859478779036443763 0.53631128408603134794 0.0037901744135440244322 0.14542227381577063627 6.8357679824167085769 0.99728030216829866017 -0.042121416771499851917 -1.714433046086826451 -1.2514131231642826592 -0.94587082940069189263 -0.0087976116847465063442 -0.0011157589600377286823 -0.0018836392282276222341 0.93497606606369199067 0.5 
-1.0000000000000000199e+30 -1.0000000000000000199e+30 0 0 0 0 0 0 0 0 0 0 0 0 0 0 0 0 0 0 0 0 0 0 0 0 0 0 0 0 0 0 0 
1437.45392517581422 1440.001892473358339 0.0044816887350799866283 0.016427267039558369338 0.69621997257211720722 0.51006910742218636301 0.97137812056139516415 0.0025354582690143090754 1.6082061031899297365 0.7453660157303899636 0.72975106742158946105 0.95860063797692296461 0.95063304909838330925 0.00044289177793104737802 0.0023071909904712698675 0.0012951008813863172132 -0.11481003207154917567 0.018796804416851130293 0.62052551282481682726 0.52693256747199068712 0.21810742357830084637 0.40023604079981012216 3.8301743472151783543 0.99728030216829866017 -0.053168030252457393336 -1.714433046086826451 -1.2514131231642826592 -0.94587082940069189263 -0.017697172386047854004 0.13187439357116803595 -0.00090594115584223121503 0.89031577261824590419 0.5 
-1.0000000000000000199e+30 -1.0000000000000000199e+30 0 0 0 0 0 0 0 0 0 0 0 0 0 0 0 0 0 0 0 0 0 0 0 0 0 0 0 0 0 0 0 
-1.0000000000000000199e+30 -1.0000000000000000199e+30 0 0 0 0 0 0 0 0 0 0 0 0 0 0 0 0 0 0 0 0 0 0 0 0 0 0 0 0 0 0 0 
-1.0000000000000000199e+30 -1.0000000000000000199e+30 0 0 0 0 0 0 0 0 0 0 0 0 0 0 0 0 0 0 0 0 0 0 0 0 0 0 0 0 0 0 0 
-1.0000000000000000199e+30 -1.0000000000000000199e+30 0 0 0 0 0 0 0 0 0 0 0 0 0 0 0 0 0 0 0 0 0 0 0 0 0 0 0 0 0 0 0 
-1.0000000000000000199e+30 -1.0000000000000000199e+30 0 0 0 0 0 0 0 0 0 0 0 0 0 0 0 0 0 0 0 0 0 0 0 0 0 0 0 0 0 0 0 
-14270.166747414166821 -14150.700295374166672 0.086773687173241784154 1.9556224811679689263e-05 0.95219181164468780221 0.75806190843588472372 0.51654729089594630942 0.00049638605702312377232 1.5477238403343926976 0.31061332062629976036 0.7958954146866860091 0.71713458049796163785 0.01655200775684758166 1.5955108683556317877e-05 0.0090009673314083177981 0.028084252816837688288 -0.76152715014697858198 0.11111920277722518724 0.56896840236352708153 0.59860611515532347049 0.48061938142882187908 0.012531601049121042155 2.9903104525341599462 0.99728030216829866017 -0.05316792848016453632 -1.714433046086826451 -1.2514131231642826592 -0.94587082940069189263 0.80079599798208866979 0.90049154241095941131 -0.059319902248170984504 0.89031554789298872343 0.5 
-1.0000000000000000199e+30 -1.0000000000000000199e+30 0 0 0 0 0 0 0 0 0 0 0 0 0 0 0 0 0 0 0 0 0 0 0 0 0 0 0 0 0 0 0 
1370.3786007879468798 1379.7690939840858846 0.0050564048828105560146 0.0081880617115427222624 0.83668022102261419004 0.021197768037554260562 0.93179818497622513007 0.16350715113315400506 2.9050655039347876851 0.12698810444134669972 0.99972819589982397925 0.88880280425586333237 0.88072308773372465218 0.0010925123345440553458 0.0066902429780254565189 0.0012104106225475151463 1.2566527181592141993 7.1692114047030604043e-06 0.45948921669064313189 0.69540516704523946956 0.79794505027060813607 0.036196893507841519655 2.9095777259815229776 0.99728030216829866017 -0.05316791141472220622 -1.714433046086826451 -1.2514131231642826592 -0.94587082940069189263 3.522284311764811271 0.38736656818679360281 3.1969910396450571533 0.89031549427128509056 0.5 
-1.0000000000000000199e+30 -1.0000000000000000199e+30 0 0 0 0 0 0 0 0 0 0 0 0 0 0 0 0 0 0 0 0 0 0 0 0 0 0 0 0 0 0 0 
1513.31685655283286 1501.3719780865997109 0.0058682197614402875976 0.010167004813628529453 0.93388109273007946509 0.10310799389803515513 0.67597432509733590411 0.081973401014671987141 2.6888227450945247909 0.16371966920320282779 0.98339771036819267902 0.87287575620217316974 0.87623593372693753256 0.00049260021628205980047 0.0053606484191346670531 0.001134614230226293043 -0.070560086647698652684 0.40061887189032446832 0.65470471874846225546 0.73122259527933597401 0.00020963543067513290704 0.027505026018575792074 4.1494911868595423243 0.99728030216829866017 -0.05316791141472220622 -1.714433046086826451 -1.2514131231642826592 -0.94587082940069189263 0.014193245978215557335 -0.041031212942196471083 -0.0004040212989438575833 0.89031549427128509056 0.5 
-1.0000000000000000199e+30 -1.0000000000000000199e+30 0 0 0 0 0 0 0 0 0 0 0 0 0 0 0 0 0 0 0 0 0 0 0 0 0 0 0 0 0 0 0 
-1.0000000000000000199e+30 -1.0000000000000000199e+30 0 0 0 0 0 0 0 0 0 0 0 0 0 0 0 0 0 0 0 0 0 0 0 0 0 0 0 0 0 0 0 
-1.0000000000000000199e+30 -1.0000000000000000199e+30 0 0 0 0 0 0 0 0 0 0 0 0 0 0 0 0 0 0 0 0 0 0 0 0 0 0 0 0 0 0 0 
-4140.0707607494205149 -4144.6283421727248424 0.0053269970546038847639 0.0091941431933667602111 0.86281508653259719743 0.36597744224214678876 0.4834274598127010214 0.27789615204968692863 3.4011434453564373115 0.3226696487479782105 0.98611913053831945497 0.87839435503438800801 0.83947427665511575867 0.0017328853535266909754 0.0025343391446246113681 0.0013312375587719552268 -1.0951740675155812177 0.36211113003082573414 0.64650794724002480507 0.023477329639717936516 0.0012602370651438833324 0.0086563123692758384142 1.1532813688972964883 0.99728030216829866017 -0.05316791141472220622 -1.714433046086826451 -1.2514131231642826592 -0.94587082940069189263 0.55720925043671676313 -1.0615377055390189387 1.8011415067611489249 0.89031549427128509056 0.5 
-1.0000000000000000199e+30 -1.0000000000000000199e+30 0 0 0 0 0 0 0 0 0 0 0 0 0 0 0 0 0 0 0 0 0 0 0 0 0 0 0 0 0 0 0 
1446.1305073815419746 1446.2344610683824158 0.0056556777167267782008 0.0080995934573460763584 0.80943444423362731488 0.024365788976807144922 0.91024403484371529949 0.15481206242698555831 3.1224086286027690207 0.024126489346729975555 0.99976315014013195093 0.92926104307322554554 0.9153297614319191311 0.0011396568474574277595 0.0045077971436794702503 0.0012857479065753231202 0.7525908079013972074 0.77408741152988802536 0.27800065399047702019 0.59420913031710353991 0.088556116233680481908 0.002611168604516128644 5.0263104772978728363 0.99728030216829866017 0.0068053925360525542934 -1.714433046086826451 -1.2514131231642826592 -0.94587082940069189263 0.45519474338748711073 0.40639432713748285808 0.015555646148725824421 0.65450436348759477578 0.5 
-1.0000000000000000199e+30 -1.0000000000000000199e+30 0 0 0 0 0 0 0 0 0 0 0 0 0 0 0 0 0 0 0 0 0 0 0 0 0 0 0 0 0 0 0 
1236.733228848112276 1231.5866597183382964 0.0053709966522184409907 0.0084916799482027058299 0.90253867866716441792 0.12109659686962558067 0.92657601319175575405 0.14425882606282808274 2.8569063981911675398 0.06364428915619625704 0.99578933800569935375 0.94090239339687231634 0.87823811278006924663 0.000853981355296139482 0.0019966843327327500786 0.0012748734412132635592 0.014273956459818593762 0.42414774702452051613 0.6980969889945072282 0.54478475623481126267 0.0041121327620844243256 0.091069097492836995067 5.5454299278422753972 0.99728030216829866017 0.0068053925360525542934 -1.714433046086826451 -1.2514131231642826592 -0.94587082940069189263 0.0051520713011234536838 0.0044866183434834495253 -0.0012131523445443269903 0.65450436348759477578 0.5 
-1.0000000000000000199e+30 -1.0000000000000000199e+30 0 0 0 0 0 0 0 0 0 0 0 0 0 0 0 0 0 0 0 0 0 0 0 0 0 0 0 0 0 0 0 
-22617252.71739872545 -22617269.584295574576 0.0049946320813839557157 0.0089078650409163719071 0.81156067937957243608 0.25737044608608461438 0.93540009300314019836 0.071016301022468364401 2.575073979350408937 0.2210114149583871368 0.99545456230634798978 0.89743760561024921163 0.82345106964570136121 0.00042201775644433697342 0.0022936737189170001289 0.0012398949194520414788 1.1892684349603612759 0.6338018032256513834 0.11348412884399294853 0.32437259703874588013 0.00023831400787457823645 0.00023647987982258200103 1.2115311280358582735 0.99728030216829866017 0.0068053925360525542934 -1.714433046086826451 -1.2514131231642826592 -0.94587082940069189263 0.55384460906811561198 0.70230008521119047238 1.9290232332261820769 0.65450436348759477578 0.5 
-1.0000000000000000199e+30 -1.0000000000000000199e+30 0 0 0 0 0 0 0 0 0 0 0 0 0 0 0 0 0 0 0 0 0 0 0 0 0 0 0 0 0 0 0 
1403.1245955209590193 1401.7612621460577884 0.0045105207720839883903 0.0066037882569300269259 0.80119511701859236208 0.15255011536883655854 0.88237747385692222313 0.12143922424946479444 2.7968122040689946672 0.092961494955379031513 0.99867330094348094605 0.94019442484216919631 0.83559272174483378848 0.00088260309065792835487 0.0021633695887130033157 0.0012439110550020384023 0.86014278706553837228 0.6455663783014162771 0.15045693043992916516 0.63242371782781348077 0.56440113860602492135 0.014891795436808895683 2.43584048555704058 0.99728030216829866017 0.0061805964624470390023 -1.714433046086826451 -1.2514131231642826592 -0.94587082940069189263 -0.26168885158913163247 -0.12922529519240072426 0.063947026779630405935 0.65454029414809467013 0.5 
-1.0000000000000000199e+30 -1.0000000000000000199e+30 0 0 0 0 0 0 0 0 0 0 0 0 0 0 0 0 0 0 0 0 0 0 0 0 0 0 0 0 0 0 0 
-48609.793321959368768 -48616.2442059403038 0.005020345019913333845 0.0085295038573929837789 0.91331221375196336432 0.54906730878206233548 0.8122752049731258861 0.27375392033358714183 2.5448131844073422769 0.099236627641925409526 0.99658766757632133437 0.92656058546819775046 0.81068903515351808942 0.0015782452729134846016 0.0012321389250357468129 0.001342457370649511976 -0.11738776831848118931 0.66242137551307678223 0.27109555015340447426 0.066533830016851425171 0.0004021582496352493828 0.0039137976407073440596 1.2099427982466295362 0.99728030216829866017 0.0061805964624470390023 -1.714433046086826451 -1.2514131231642826592 -0.94587082940069189263 -0.83426410182874677357 1.155985451838261735 -2.0556654366845106274 0.65454029414809467013 0.5 
-1.0000000000000000199e+30 -1.0000000000000000199e+30 0 0 0 0 0 0 0 0 0 0 0 0 0 0 0 0 0 0 0 0 0 0 0 0 0 0 0 0 0 0 0 
-1.0000000000000000199e+30 -1.0000000000000000199e+30 0 0 0 0 0 0 0 0 0 0 0 0 0 0 0 0 0 0 0 0 0 0 0 0 0 0 0 0 0 0 0 
-1.0000000000000000199e+30 -1.0000000000000000199e+30 0 0 0 0 0 0 0 0 0 0 0 0 0 0 0 0 0 0 0 0 0 0 0 0 0 0 0 0 0 0 0 
-1.0000000000000000199e+30 -1.0000000000000000199e+30 0 0 0 0 0 0 0 0 0 0 0 0 0 0 0 0 0 0 0 0 0 0 0 0 0 0 0 0 0 0 0 
-1.0000000000000000199e+30 -1.0000000000000000199e+30 0 0 0 0 0 0 0 0 0 0 0 0 0 0 0 0 0 0 0 0 0 0 0 0 0 0 0 0 0 0 0 
1483.8758096619346816 1478.2141620802740363 0.0056236018152041782406 0.0091376102376051534376 0.58290184353326901512 0.095308714044364209461 0.98551252567774549895 0.0044387799872761700068 2.8781784428004746346 0.32278840783164675088 0.80760576385705873381 0.67446744210004094811 0.94097076285625980141 0.00030142490495876114558 0.013471667494954047903 0.0011583591625422961103 0.028203017291843414383 0.74377808610681706014 0.54014640365706323433 0.49752411323576956059 0.072220864154127276113 0.0040985541478845951072 5.7027286575525835133 0.99728030216829866017 0.0061805964624470390023 -1.714433046086826451 -1.2514131231642826592 -0.94587082940069189263 0.029985088951064289842 -0.028138912824061810408 -0.0082907019451489705197 0.65454029414809467013 0.5 
-1.0000000000000000199e+30 -1.0000000000000000199e+30 0 0 0 0 0 0 0 0 0 0 0 0 0 0 0 0 0 0 0 0 0 0 0 0 0 0 0 0 0 0 0 
1399.2903400884538314 1386.1463949602512002 0.0047282984631248879681 0.0097355661040258219957 0.74969119301405828804 0.45190860923737197208 0.8141256791030586637 0.03498778145299047404 3.5267681567528934572 0.43065373179805460646 0.85649302056853515719 0.83310232824420349385 0.8709781480337343007 0.00038152791274802087687 0.0041115931904092380481 0.0015849766036608160889 0.13469218641157881811 0.48847192572885028694 0.44380498669251233768 0.71659856394966836568 0.044361566773340931069 0.00012308226557396277591 1.9590141348596261661 0.99728030216829866017 0.0061810422849189715355 -1.714433046086826451 -1.2514131231642826592 -0.94587082940069189263 0.60395079088330694272 -0.11917269263696010639 -0.085044515285331731547 0.65454402890198504217 0.5 
-1.0000000000000000199e+30 -1.0000000000000000199e+30 0 0 0 0 0 0 0 0 0 0 0 0 0 0 0 0 0 0 0 0 0 0 0 0 0 0 0 0 0 0 0 
-1.0000000000000000199e+30 -1.0000000000000000199e+30 0 0 0 0 0 0 0 0 0 0 0 0 0 0 0 0 0 0 0 0 0 0 0 0 0 0 0 0 0 0 0 
-1.0000000000000000199e+30 -1.0000000000000000199e+30 0 0 0 0 0 0 0 0 0 0 0 0 0 0 0 0 0 0 0 0 0 0 0 0 0 0 0 0 0 0 0 
-6952876849298823 -6952876849297962 0.73167448355456432552 1.3965529794100414729e-05 0.25317490521811497617 0.59351608812891132327 0.50014691817041001531 0.91253636107073754502 1.8946019818359571829 0.31536477136589419201 0.87058683915623646943 0.99995268101333334432 0.53789680791111815772 0.0055960030580261737113 5.2590921986848117818e-05 0.006749653334231268953 13.724307982918286797 0.74426376586779952049 0.33480499288998544216 0.66167936334386467934 0.0007226156629621982878 0.0075821580458432435642 2.1647705226205289364 0.99728030216829866017 0.0023939808161214820061 -1.714433046086826451 -1.2514131231642826592 -0.94587082940069189263 2.3015990849040051103 -0.75476780299427759235 -0.26414187621083273783 0.65454402890198504217 0.5 
-1.0000000000000000199e+30 -1.0000000000000000199e+30 0 0 0 0 0 0 0 0 0 0 0 0 0 0 0 0 0 0 0 0 0 0 0 0 0 0 0 0 0 0 0 
-710802620.31378626823 -710802634.88143396378 0.005582275375491008336 0.0074891306463784231007 0.44903559982776641846 0.87284417916089296341 0.18843858223408460617 0.75701794051565229893 1.9303518037311733213 0.01370800449512898922 0.92897358080372216538 0.93996774177066977352 0.44735687179490923882 0.007161664587911218717 0.0027069686655886472659 0.00012331000063568354629 0.82660228410496527918 0.024696486536413431168 0.71272289799526333809 0.11593563738279044628 0.00471127879107370931 0.0058578612562268971356 2.4310184969799593091 0.99728030216829866017 0.0023939808161214820061 -1.714433046086826451 -1.2514131231642826592 -0.94587082940069189263 -0.33872572457411581626 1.1018475304863681874 -0.44253404145779934309 0.65454402890198504217 0.5 
-1.0000000000000000199e+30 -1.0000000000000000199e+30 0 0 0 0 0 0 0 0 0 0 0 0 0 0 0 0 0 0 0 0 0 0 0 0 0 0 0 0 0 0 0 
-84853.5729133112618 -84846.128802436520346 2.5547140889387726093e-05 0.0063946558172576235118 0.83867433617046105443 0.98141738941282052888 0.6457755984825396256 0.091282028249659336039 2.9167768591651421772 0.15030816116692441442 0.84240095755334953864 0.86086883556521687222 0.25044270488072528646 0.0016431415089855057419 6.3713812269270417906e-05 0.01265703877002956855 -6.8017683807482544052e-06 0.31027013030678357586 0.9708103163597637808 0.58292411811556699153 0.0041057039072779511618 0.00094374742867823959575 3.8563337153452859063 0.99728030216829866017 0.0021076083804771562555 -1.714433046086826451 -1.2514131231642826592 -0.94587082940069189263 0.006821609065403022587 0.010795706698724576861 -0.0027241507372494219372 0.65457290784409083439 0.5 
